0 1 1
0 50 1
0 51 1
1 0 1
1 2 1
1 50 1
1 51 1
1 52 1
2 1 1
2 3 1
2 51 1
2 52 1
3 2 1
3 4 1
3 52 1
3 54 1
4 3 1
4 54 1
4 55 1
7 8 1
7 56 1
7 57 1
7 58 1
8 7 1
8 9 1
8 57 1
8 58 1
9 8 1
9 10 1
9 58 1
10 9 1
10 11 1
11 10 1
11 12 1
12 11 1
12 13 1
13 12 1
17 68 1
20 21 1
20 69 1
20 71 1
21 20 1
21 71 1
21 72 1
23 72 1
23 73 1
23 74 1
27 28 1
27 76 1
27 77 1
27 78 1
28 27 1
28 29 1
28 77 1
28 78 1
28 79 1
29 28 1
29 30 1
29 78 1
29 79 1
29 80 1
30 29 1
30 79 1
30 80 1
30 81 1
32 81 1
32 82 1
32 83 1
34 35 1
34 83 1
35 34 1
35 36 1
35 86 1
36 35 1
36 37 1
36 86 1
36 87 1
37 36 1
37 86 1
37 87 1
39 40 1
39 89 1
40 39 1
40 41 1
40 89 1
41 40 1
43 93 1
45 46 1
45 95 1
45 96 1
46 45 1
46 47 1
46 95 1
46 96 1
46 97 1
47 46 1
47 48 1
47 96 1
47 97 1
48 47 1
48 97 1
48 99 1
50 0 1
50 1 1
50 51 1
50 100 1
50 101 1
51 0 1
51 1 1
51 2 1
51 50 1
51 52 1
51 100 1
51 101 1
51 102 1
52 1 1
52 2 1
52 3 1
52 51 1
52 101 1
52 102 1
54 3 1
54 4 1
54 55 1
54 104 1
54 105 1
55 4 1
55 54 1
55 56 1
55 104 1
55 105 1
56 7 1
56 55 1
56 57 1
56 105 1
56 107 1
57 7 1
57 8 1
57 56 1
57 58 1
57 107 1
58 7 1
58 8 1
58 9 1
58 57 1
58 107 1
68 17 1
68 69 1
68 118 1
68 119 1
69 20 1
69 68 1
69 118 1
69 119 1
71 20 1
71 21 1
71 72 1
72 21 1
72 23 1
72 71 1
72 73 1
73 23 1
73 72 1
73 74 1
73 124 1
74 23 1
74 73 1
74 75 1
74 124 1
74 125 1
75 74 1
75 76 1
75 124 1
75 125 1
75 126 1
76 27 1
76 75 1
76 77 1
76 125 1
76 126 1
76 127 1
77 27 1
77 28 1
77 76 1
77 78 1
77 126 1
77 127 1
78 27 1
78 28 1
78 29 1
78 77 1
78 79 1
78 127 1
79 28 1
79 29 1
79 30 1
79 78 1
79 80 1
79 130 1
80 29 1
80 30 1
80 79 1
80 81 1
80 130 1
80 131 1
81 30 1
81 32 1
81 80 1
81 82 1
81 130 1
81 131 1
82 32 1
82 81 1
82 83 1
82 131 1
82 133 1
83 32 1
83 34 1
83 82 1
83 133 1
83 134 1
86 35 1
86 36 1
86 37 1
86 87 1
86 135 1
86 136 1
86 137 1
87 36 1
87 37 1
87 86 1
87 136 1
87 137 1
87 138 1
89 39 1
89 40 1
89 138 1
89 139 1
89 140 1
93 43 1
93 144 1
95 45 1
95 46 1
95 96 1
95 144 1
95 146 1
96 45 1
96 46 1
96 47 1
96 95 1
96 97 1
96 146 1
97 46 1
97 47 1
97 48 1
97 96 1
97 146 1
99 48 1
99 149 1
100 50 1
100 51 1
100 101 1
100 150 1
101 50 1
101 51 1
101 52 1
101 100 1
101 102 1
101 150 1
101 152 1
102 51 1
102 52 1
102 101 1
102 152 1
102 153 1
104 54 1
104 55 1
104 105 1
104 153 1
104 154 1
104 155 1
105 54 1
105 55 1
105 56 1
105 104 1
105 154 1
105 155 1
105 156 1
107 56 1
107 57 1
107 58 1
107 156 1
107 158 1
110 111 1
110 160 1
110 161 1
111 110 1
111 160 1
111 161 1
111 162 1
113 162 1
113 164 1
115 116 1
115 164 1
115 165 1
115 166 1
116 115 1
116 165 1
116 166 1
116 167 1
118 68 1
118 69 1
118 119 1
118 167 1
118 168 1
119 68 1
119 69 1
119 118 1
119 168 1
119 170 1
124 73 1
124 74 1
124 75 1
124 125 1
124 173 1
124 174 1
124 175 1
125 74 1
125 75 1
125 76 1
125 124 1
125 126 1
125 174 1
125 175 1
125 176 1
126 75 1
126 76 1
126 77 1
126 125 1
126 127 1
126 175 1
126 176 1
126 177 1
127 76 1
127 77 1
127 78 1
127 126 1
127 176 1
127 177 1
127 178 1
130 79 1
130 80 1
130 81 1
130 131 1
130 179 1
130 180 1
131 80 1
131 81 1
131 82 1
131 130 1
131 180 1
131 182 1
133 82 1
133 83 1
133 134 1
133 182 1
133 183 1
133 184 1
134 83 1
134 133 1
134 135 1
134 183 1
134 184 1
135 86 1
135 134 1
135 136 1
135 184 1
135 186 1
136 86 1
136 87 1
136 135 1
136 137 1
136 186 1
136 187 1
137 86 1
137 87 1
137 136 1
137 138 1
137 186 1
137 187 1
137 188 1
138 87 1
138 89 1
138 137 1
138 139 1
138 187 1
138 188 1
139 89 1
139 138 1
139 140 1
139 188 1
139 190 1
140 89 1
140 139 1
140 190 1
140 191 1
144 93 1
144 95 1
144 193 1
146 95 1
146 96 1
146 97 1
146 196 1
146 197 1
149 99 1
149 198 1
149 199 1
150 100 1
150 101 1
150 200 1
150 201 1
152 101 1
152 102 1
152 153 1
152 201 1
152 202 1
152 203 1
153 102 1
153 104 1
153 152 1
153 154 1
153 202 1
153 203 1
153 204 1
154 104 1
154 105 1
154 153 1
154 155 1
154 203 1
154 204 1
155 104 1
155 105 1
155 154 1
155 156 1
155 204 1
155 206 1
156 105 1
156 107 1
156 155 1
156 206 1
156 207 1
158 107 1
158 207 1
160 110 1
160 111 1
160 161 1
160 211 1
161 110 1
161 111 1
161 160 1
161 162 1
161 211 1
161 212 1
162 111 1
162 113 1
162 161 1
162 211 1
162 212 1
162 213 1
164 113 1
164 115 1
164 165 1
164 213 1
164 214 1
164 215 1
165 115 1
165 116 1
165 164 1
165 166 1
165 214 1
165 215 1
165 216 1
166 115 1
166 116 1
166 165 1
166 167 1
166 215 1
166 216 1
166 217 1
167 116 1
167 118 1
167 166 1
167 168 1
167 216 1
167 217 1
168 118 1
168 119 1
168 167 1
168 217 1
170 119 1
170 171 1
171 170 1
171 172 1
171 222 1
172 171 1
172 173 1
172 222 1
172 223 1
173 124 1
173 172 1
173 174 1
173 222 1
173 223 1
173 224 1
174 124 1
174 125 1
174 173 1
174 175 1
174 223 1
174 224 1
174 225 1
175 124 1
175 125 1
175 126 1
175 174 1
175 176 1
175 224 1
175 225 1
176 125 1
176 126 1
176 127 1
176 175 1
176 177 1
176 225 1
177 126 1
177 127 1
177 176 1
177 178 1
177 228 1
178 127 1
178 177 1
178 179 1
178 228 1
178 229 1
179 130 1
179 178 1
179 180 1
179 228 1
179 229 1
179 230 1
180 130 1
180 131 1
180 179 1
180 229 1
180 230 1
180 231 1
182 131 1
182 133 1
182 183 1
182 231 1
182 233 1
183 133 1
183 134 1
183 182 1
183 184 1
183 233 1
183 234 1
184 133 1
184 134 1
184 135 1
184 183 1
184 233 1
184 234 1
184 235 1
186 135 1
186 136 1
186 137 1
186 187 1
186 235 1
186 236 1
186 237 1
187 136 1
187 137 1
187 138 1
187 186 1
187 188 1
187 236 1
187 237 1
187 238 1
188 137 1
188 138 1
188 139 1
188 187 1
188 237 1
188 238 1
188 239 1
190 139 1
190 140 1
190 191 1
190 239 1
190 240 1
190 241 1
191 140 1
191 190 1
191 192 1
191 240 1
191 241 1
191 242 1
192 191 1
192 193 1
192 241 1
192 242 1
192 243 1
193 144 1
193 192 1
193 242 1
193 243 1
193 244 1
196 146 1
196 197 1
196 245 1
196 246 1
196 247 1
197 146 1
197 196 1
197 198 1
197 246 1
197 247 1
197 248 1
198 149 1
198 197 1
198 199 1
198 247 1
198 248 1
199 149 1
199 198 1
199 248 1
200 150 1
200 201 1
200 250 1
200 251 1
201 150 1
201 152 1
201 200 1
201 202 1
201 250 1
201 251 1
201 252 1
202 152 1
202 153 1
202 201 1
202 203 1
202 251 1
202 252 1
202 253 1
203 152 1
203 153 1
203 154 1
203 202 1
203 204 1
203 252 1
203 253 1
204 153 1
204 154 1
204 155 1
204 203 1
204 253 1
204 255 1
206 155 1
206 156 1
206 207 1
206 255 1
206 257 1
207 156 1
207 158 1
207 206 1
207 257 1
207 258 1
211 160 1
211 161 1
211 162 1
211 212 1
211 260 1
211 261 1
211 262 1
212 161 1
212 162 1
212 211 1
212 213 1
212 261 1
212 262 1
213 162 1
213 164 1
213 212 1
213 214 1
213 262 1
214 164 1
214 165 1
214 213 1
214 215 1
215 164 1
215 165 1
215 166 1
215 214 1
215 216 1
215 266 1
216 165 1
216 166 1
216 167 1
216 215 1
216 217 1
216 266 1
217 166 1
217 167 1
217 168 1
217 216 1
217 266 1
217 268 1
222 171 1
222 172 1
222 173 1
222 223 1
222 271 1
222 273 1
223 172 1
223 173 1
223 174 1
223 222 1
223 224 1
223 273 1
223 274 1
224 173 1
224 174 1
224 175 1
224 223 1
224 225 1
224 273 1
224 274 1
224 275 1
225 174 1
225 175 1
225 176 1
225 224 1
225 274 1
225 275 1
225 276 1
228 177 1
228 178 1
228 179 1
228 229 1
228 277 1
228 278 1
228 279 1
229 178 1
229 179 1
229 180 1
229 228 1
229 230 1
229 278 1
229 279 1
229 280 1
230 179 1
230 180 1
230 229 1
230 231 1
230 279 1
230 280 1
230 281 1
231 180 1
231 182 1
231 230 1
231 280 1
231 281 1
231 282 1
233 182 1
233 183 1
233 184 1
233 234 1
233 282 1
233 283 1
233 284 1
234 183 1
234 184 1
234 233 1
234 235 1
234 283 1
234 284 1
235 184 1
235 186 1
235 234 1
235 236 1
235 284 1
235 286 1
236 186 1
236 187 1
236 235 1
236 237 1
236 286 1
237 186 1
237 187 1
237 188 1
237 236 1
237 238 1
237 286 1
237 288 1
238 187 1
238 188 1
238 237 1
238 239 1
238 288 1
239 188 1
239 190 1
239 238 1
239 240 1
239 288 1
240 190 1
240 191 1
240 239 1
240 241 1
240 291 1
241 190 1
241 191 1
241 192 1
241 240 1
241 242 1
241 291 1
241 292 1
242 191 1
242 192 1
242 193 1
242 241 1
242 243 1
242 291 1
242 292 1
242 293 1
243 192 1
243 193 1
243 242 1
243 244 1
243 292 1
243 293 1
243 294 1
244 193 1
244 243 1
244 245 1
244 293 1
244 294 1
245 196 1
245 244 1
245 246 1
245 294 1
245 296 1
246 196 1
246 197 1
246 245 1
246 247 1
246 296 1
246 297 1
247 196 1
247 197 1
247 198 1
247 246 1
247 248 1
247 296 1
247 297 1
248 197 1
248 198 1
248 199 1
248 247 1
248 297 1
248 299 1
250 200 1
250 201 1
250 251 1
250 300 1
250 301 1
251 200 1
251 201 1
251 202 1
251 250 1
251 252 1
251 300 1
251 301 1
251 302 1
252 201 1
252 202 1
252 203 1
252 251 1
252 253 1
252 301 1
252 302 1
252 303 1
253 202 1
253 203 1
253 204 1
253 252 1
253 302 1
253 303 1
253 304 1
255 204 1
255 206 1
255 304 1
255 305 1
257 206 1
257 207 1
257 258 1
257 307 1
257 308 1
258 207 1
258 257 1
258 259 1
258 307 1
258 308 1
259 258 1
259 260 1
259 308 1
259 310 1
260 211 1
260 259 1
260 261 1
260 310 1
261 211 1
261 212 1
261 260 1
261 262 1
261 310 1
262 211 1
262 212 1
262 213 1
262 261 1
262 313 1
266 215 1
266 216 1
266 217 1
266 315 1
266 317 1
268 217 1
268 317 1
270 271 1
270 320 1
270 321 1
271 222 1
271 270 1
271 320 1
271 321 1
271 322 1
273 222 1
273 223 1
273 224 1
273 274 1
273 322 1
273 323 1
274 223 1
274 224 1
274 225 1
274 273 1
274 275 1
274 323 1
274 325 1
275 224 1
275 225 1
275 274 1
275 276 1
275 325 1
275 326 1
276 225 1
276 275 1
276 277 1
276 325 1
276 326 1
276 327 1
277 228 1
277 276 1
277 278 1
277 326 1
277 327 1
278 228 1
278 229 1
278 277 1
278 279 1
278 327 1
278 329 1
279 228 1
279 229 1
279 230 1
279 278 1
279 280 1
279 329 1
279 330 1
280 229 1
280 230 1
280 231 1
280 279 1
280 281 1
280 329 1
280 330 1
281 230 1
281 231 1
281 280 1
281 282 1
281 330 1
282 231 1
282 233 1
282 281 1
282 283 1
282 333 1
283 233 1
283 234 1
283 282 1
283 284 1
283 333 1
283 334 1
284 233 1
284 234 1
284 235 1
284 283 1
284 333 1
284 334 1
286 235 1
286 236 1
286 237 1
286 337 1
288 237 1
288 238 1
288 239 1
288 337 1
291 240 1
291 241 1
291 242 1
291 292 1
291 340 1
291 342 1
292 241 1
292 242 1
292 243 1
292 291 1
292 293 1
292 342 1
292 343 1
293 242 1
293 243 1
293 244 1
293 292 1
293 294 1
293 342 1
293 343 1
293 344 1
294 243 1
294 244 1
294 245 1
294 293 1
294 343 1
294 344 1
294 345 1
296 245 1
296 246 1
296 247 1
296 297 1
296 345 1
297 246 1
297 247 1
297 248 1
297 296 1
299 248 1
299 349 1
300 250 1
300 251 1
300 301 1
300 350 1
301 250 1
301 251 1
301 252 1
301 300 1
301 302 1
301 350 1
301 352 1
302 251 1
302 252 1
302 253 1
302 301 1
302 303 1
302 352 1
302 353 1
303 252 1
303 253 1
303 302 1
303 304 1
303 352 1
303 353 1
303 354 1
304 253 1
304 255 1
304 303 1
304 305 1
304 353 1
304 354 1
304 355 1
305 255 1
305 304 1
305 354 1
305 355 1
305 356 1
307 257 1
307 258 1
307 308 1
307 356 1
307 357 1
307 358 1
308 257 1
308 258 1
308 259 1
308 307 1
308 357 1
308 358 1
308 359 1
310 259 1
310 260 1
310 261 1
310 359 1
310 360 1
310 361 1
313 262 1
313 362 1
313 364 1
315 266 1
315 364 1
315 365 1
315 366 1
317 266 1
317 268 1
317 366 1
317 367 1
320 270 1
320 271 1
320 321 1
320 369 1
320 370 1
321 270 1
321 271 1
321 320 1
321 322 1
321 370 1
321 372 1
322 271 1
322 273 1
322 321 1
322 323 1
322 372 1
322 373 1
323 273 1
323 274 1
323 322 1
323 372 1
323 373 1
323 374 1
325 274 1
325 275 1
325 276 1
325 326 1
325 374 1
325 375 1
326 275 1
326 276 1
326 277 1
326 325 1
326 327 1
326 375 1
326 377 1
327 276 1
327 277 1
327 278 1
327 326 1
327 377 1
327 378 1
329 278 1
329 279 1
329 280 1
329 330 1
329 378 1
329 379 1
330 279 1
330 280 1
330 281 1
330 329 1
330 379 1
330 381 1
333 282 1
333 283 1
333 284 1
333 334 1
333 382 1
333 383 1
333 384 1
334 283 1
334 284 1
334 333 1
334 383 1
334 384 1
334 385 1
337 286 1
337 288 1
337 386 1
340 291 1
340 390 1
340 391 1
342 291 1
342 292 1
342 293 1
342 343 1
342 391 1
342 392 1
343 292 1
343 293 1
343 294 1
343 342 1
343 344 1
343 392 1
343 394 1
344 293 1
344 294 1
344 343 1
344 345 1
344 394 1
344 395 1
345 294 1
345 296 1
345 344 1
345 394 1
345 395 1
345 396 1
349 299 1
349 398 1
349 399 1
350 300 1
350 301 1
350 400 1
350 401 1
352 301 1
352 302 1
352 303 1
352 353 1
352 401 1
352 403 1
353 302 1
353 303 1
353 304 1
353 352 1
353 354 1
353 403 1
353 404 1
354 303 1
354 304 1
354 305 1
354 353 1
354 355 1
354 403 1
354 404 1
354 405 1
355 304 1
355 305 1
355 354 1
355 356 1
355 404 1
355 405 1
355 406 1
356 305 1
356 307 1
356 355 1
356 357 1
356 405 1
356 406 1
357 307 1
357 308 1
357 356 1
357 358 1
357 406 1
358 307 1
358 308 1
358 357 1
358 359 1
358 409 1
359 308 1
359 310 1
359 358 1
359 360 1
359 409 1
359 410 1
360 310 1
360 359 1
360 361 1
360 409 1
360 410 1
361 310 1
361 360 1
361 362 1
361 410 1
361 412 1
362 313 1
362 361 1
362 412 1
362 413 1
364 313 1
364 315 1
364 365 1
364 413 1
364 415 1
365 315 1
365 364 1
365 366 1
365 415 1
365 416 1
366 315 1
366 317 1
366 365 1
366 367 1
366 415 1
366 416 1
366 417 1
367 317 1
367 366 1
367 416 1
367 417 1
369 320 1
369 370 1
369 419 1
369 420 1
370 320 1
370 321 1
370 369 1
370 419 1
370 420 1
370 421 1
372 321 1
372 322 1
372 323 1
372 373 1
372 421 1
372 422 1
372 423 1
373 322 1
373 323 1
373 372 1
373 374 1
373 422 1
373 423 1
373 424 1
374 323 1
374 325 1
374 373 1
374 375 1
374 423 1
374 424 1
374 425 1
375 325 1
375 326 1
375 374 1
375 424 1
375 425 1
375 426 1
377 326 1
377 327 1
377 378 1
377 426 1
377 428 1
378 327 1
378 329 1
378 377 1
378 379 1
378 428 1
378 429 1
379 329 1
379 330 1
379 378 1
379 428 1
379 429 1
379 430 1
381 330 1
381 382 1
381 430 1
381 431 1
381 432 1
382 333 1
382 381 1
382 383 1
382 431 1
382 432 1
382 433 1
383 333 1
383 334 1
383 382 1
383 384 1
383 432 1
383 433 1
383 434 1
384 333 1
384 334 1
384 383 1
384 385 1
384 433 1
384 434 1
385 334 1
385 384 1
385 386 1
385 434 1
385 436 1
386 337 1
386 385 1
386 436 1
390 340 1
390 391 1
390 439 1
390 440 1
390 441 1
391 340 1
391 342 1
391 390 1
391 392 1
391 440 1
391 441 1
391 442 1
392 342 1
392 343 1
392 391 1
392 441 1
392 442 1
392 443 1
394 343 1
394 344 1
394 345 1
394 395 1
394 443 1
394 444 1
394 445 1
395 344 1
395 345 1
395 394 1
395 396 1
395 444 1
395 445 1
395 446 1
396 345 1
396 395 1
396 445 1
396 446 1
396 447 1
398 349 1
398 399 1
398 447 1
398 448 1
398 449 1
399 349 1
399 398 1
399 448 1
399 449 1
400 350 1
400 401 1
400 450 1
401 350 1
401 352 1
401 400 1
401 450 1
401 452 1
403 352 1
403 353 1
403 354 1
403 404 1
403 452 1
403 453 1
403 454 1
404 353 1
404 354 1
404 355 1
404 403 1
404 405 1
404 453 1
404 454 1
404 455 1
405 354 1
405 355 1
405 356 1
405 404 1
405 406 1
405 454 1
405 455 1
406 355 1
406 356 1
406 357 1
406 405 1
406 455 1
406 457 1
409 358 1
409 359 1
409 360 1
409 410 1
409 458 1
409 460 1
410 359 1
410 360 1
410 361 1
410 409 1
410 460 1
410 461 1
412 361 1
412 362 1
412 413 1
412 461 1
412 462 1
412 463 1
413 362 1
413 364 1
413 412 1
413 462 1
413 463 1
415 364 1
415 365 1
415 366 1
415 416 1
415 465 1
416 365 1
416 366 1
416 367 1
416 415 1
416 417 1
416 465 1
416 467 1
417 366 1
417 367 1
417 416 1
417 467 1
417 468 1
419 369 1
419 370 1
419 420 1
419 468 1
419 469 1
419 470 1
420 369 1
420 370 1
420 419 1
420 421 1
420 469 1
420 470 1
421 370 1
421 372 1
421 420 1
421 422 1
421 470 1
422 372 1
422 373 1
422 421 1
422 423 1
422 473 1
423 372 1
423 373 1
423 374 1
423 422 1
423 424 1
423 473 1
424 373 1
424 374 1
424 375 1
424 423 1
424 425 1
424 473 1
424 475 1
425 374 1
425 375 1
425 424 1
425 426 1
425 475 1
425 476 1
426 375 1
426 377 1
426 425 1
426 475 1
426 476 1
426 477 1
428 377 1
428 378 1
428 379 1
428 429 1
428 477 1
428 478 1
428 479 1
429 378 1
429 379 1
429 428 1
429 430 1
429 478 1
429 479 1
429 480 1
430 379 1
430 381 1
430 429 1
430 431 1
430 479 1
430 480 1
430 481 1
431 381 1
431 382 1
431 430 1
431 432 1
431 480 1
431 481 1
431 482 1
432 381 1
432 382 1
432 383 1
432 431 1
432 433 1
432 481 1
432 482 1
432 483 1
433 382 1
433 383 1
433 384 1
433 432 1
433 434 1
433 482 1
433 483 1
433 484 1
434 383 1
434 384 1
434 385 1
434 433 1
434 483 1
434 484 1
434 485 1
436 385 1
436 386 1
436 485 1
436 486 1
436 487 1
438 439 1
438 487 1
438 489 1
439 390 1
439 438 1
439 440 1
439 489 1
439 490 1
440 390 1
440 391 1
440 439 1
440 441 1
440 489 1
440 490 1
440 491 1
441 390 1
441 391 1
441 392 1
441 440 1
441 442 1
441 490 1
441 491 1
441 492 1
442 391 1
442 392 1
442 441 1
442 443 1
442 491 1
442 492 1
443 392 1
443 394 1
443 442 1
443 444 1
443 492 1
443 494 1
444 394 1
444 395 1
444 443 1
444 445 1
444 494 1
444 495 1
445 394 1
445 395 1
445 396 1
445 444 1
445 446 1
445 494 1
445 495 1
445 496 1
446 395 1
446 396 1
446 445 1
446 447 1
446 495 1
446 496 1
446 497 1
447 396 1
447 398 1
447 446 1
447 448 1
447 496 1
447 497 1
447 498 1
448 398 1
448 399 1
448 447 1
448 449 1
448 497 1
448 498 1
448 499 1
449 398 1
449 399 1
449 448 1
449 498 1
449 499 1
450 400 1
450 401 1
452 401 1
452 403 1
452 453 1
452 503 1
453 403 1
453 404 1
453 452 1
453 454 1
453 503 1
454 403 1
454 404 1
454 405 1
454 453 1
454 455 1
454 503 1
455 404 1
455 405 1
455 406 1
455 454 1
455 506 1
457 406 1
457 458 1
457 506 1
457 507 1
457 508 1
458 409 1
458 457 1
458 507 1
458 508 1
458 509 1
460 409 1
460 410 1
460 461 1
460 509 1
461 410 1
461 412 1
461 460 1
461 462 1
461 512 1
462 412 1
462 413 1
462 461 1
462 463 1
462 512 1
462 513 1
463 412 1
463 413 1
463 462 1
463 512 1
463 513 1
463 514 1
465 415 1
465 416 1
465 514 1
465 515 1
465 516 1
467 416 1
467 417 1
467 468 1
467 516 1
467 517 1
468 417 1
468 419 1
468 467 1
468 469 1
468 517 1
468 519 1
469 419 1
469 420 1
469 468 1
469 470 1
469 519 1
469 520 1
470 419 1
470 420 1
470 421 1
470 469 1
470 519 1
470 520 1
470 521 1
473 422 1
473 423 1
473 424 1
473 523 1
473 524 1
475 424 1
475 425 1
475 426 1
475 476 1
475 524 1
475 525 1
475 526 1
476 425 1
476 426 1
476 475 1
476 477 1
476 525 1
476 526 1
477 426 1
477 428 1
477 476 1
477 478 1
477 526 1
477 528 1
478 428 1
478 429 1
478 477 1
478 479 1
478 528 1
478 529 1
479 428 1
479 429 1
479 430 1
479 478 1
479 480 1
479 528 1
479 529 1
479 530 1
480 429 1
480 430 1
480 431 1
480 479 1
480 481 1
480 529 1
480 530 1
480 531 1
481 430 1
481 431 1
481 432 1
481 480 1
481 482 1
481 530 1
481 531 1
481 532 1
482 431 1
482 432 1
482 433 1
482 481 1
482 483 1
482 531 1
482 532 1
482 533 1
483 432 1
483 433 1
483 434 1
483 482 1
483 484 1
483 532 1
483 533 1
484 433 1
484 434 1
484 483 1
484 485 1
484 533 1
484 535 1
485 434 1
485 436 1
485 484 1
485 486 1
485 535 1
486 436 1
486 485 1
486 487 1
486 535 1
487 436 1
487 438 1
487 486 1
487 538 1
489 438 1
489 439 1
489 440 1
489 490 1
489 538 1
489 540 1
490 439 1
490 440 1
490 441 1
490 489 1
490 491 1
490 540 1
490 541 1
491 440 1
491 441 1
491 442 1
491 490 1
491 492 1
491 540 1
491 541 1
491 542 1
492 441 1
492 442 1
492 443 1
492 491 1
492 541 1
492 542 1
492 543 1
494 443 1
494 444 1
494 445 1
494 495 1
494 543 1
494 544 1
494 545 1
495 444 1
495 445 1
495 446 1
495 494 1
495 496 1
495 544 1
495 545 1
495 546 1
496 445 1
496 446 1
496 447 1
496 495 1
496 497 1
496 545 1
496 546 1
497 446 1
497 447 1
497 448 1
497 496 1
497 498 1
497 546 1
498 447 1
498 448 1
498 449 1
498 497 1
498 499 1
499 448 1
499 449 1
499 498 1
503 452 1
503 453 1
503 454 1
503 552 1
503 553 1
503 554 1
506 455 1
506 457 1
506 507 1
506 555 1
506 557 1
507 457 1
507 458 1
507 506 1
507 508 1
507 557 1
508 457 1
508 458 1
508 507 1
508 509 1
508 557 1
508 559 1
509 458 1
509 460 1
509 508 1
509 559 1
509 560 1
512 461 1
512 462 1
512 463 1
512 513 1
512 561 1
512 562 1
512 563 1
513 462 1
513 463 1
513 512 1
513 514 1
513 562 1
513 563 1
513 564 1
514 463 1
514 465 1
514 513 1
514 515 1
514 563 1
514 564 1
514 565 1
515 465 1
515 514 1
515 516 1
515 564 1
515 565 1
515 566 1
516 465 1
516 467 1
516 515 1
516 517 1
516 565 1
516 566 1
517 467 1
517 468 1
517 516 1
517 566 1
517 568 1
519 468 1
519 469 1
519 470 1
519 520 1
519 568 1
519 569 1
519 570 1
520 469 1
520 470 1
520 519 1
520 521 1
520 569 1
520 570 1
520 571 1
521 470 1
521 520 1
521 570 1
521 571 1
523 473 1
523 524 1
523 573 1
523 574 1
524 473 1
524 475 1
524 523 1
524 525 1
524 573 1
524 574 1
524 575 1
525 475 1
525 476 1
525 524 1
525 526 1
525 574 1
525 575 1
525 576 1
526 475 1
526 476 1
526 477 1
526 525 1
526 575 1
526 576 1
526 577 1
528 477 1
528 478 1
528 479 1
528 529 1
528 577 1
528 578 1
528 579 1
529 478 1
529 479 1
529 480 1
529 528 1
529 530 1
529 578 1
529 579 1
529 580 1
530 479 1
530 480 1
530 481 1
530 529 1
530 531 1
530 579 1
530 580 1
531 480 1
531 481 1
531 482 1
531 530 1
531 532 1
531 580 1
532 481 1
532 482 1
532 483 1
532 531 1
532 533 1
533 482 1
533 483 1
533 484 1
533 532 1
533 584 1
535 484 1
535 485 1
535 486 1
535 584 1
535 585 1
538 487 1
538 489 1
538 588 1
538 589 1
540 489 1
540 490 1
540 491 1
540 541 1
540 589 1
540 590 1
540 591 1
541 490 1
541 491 1
541 492 1
541 540 1
541 542 1
541 590 1
541 591 1
542 491 1
542 492 1
542 541 1
542 543 1
542 591 1
542 593 1
543 492 1
543 494 1
543 542 1
543 544 1
543 593 1
543 594 1
544 494 1
544 495 1
544 543 1
544 545 1
544 593 1
544 594 1
545 494 1
545 495 1
545 496 1
545 544 1
545 546 1
545 594 1
545 596 1
546 495 1
546 496 1
546 497 1
546 545 1
546 596 1
546 597 1
550 600 1
550 601 1
552 503 1
552 553 1
552 601 1
552 602 1
552 603 1
553 503 1
553 552 1
553 554 1
553 602 1
553 603 1
554 503 1
554 553 1
554 555 1
554 603 1
554 605 1
555 506 1
555 554 1
555 605 1
557 506 1
557 507 1
557 508 1
557 608 1
559 508 1
559 509 1
559 560 1
559 608 1
560 509 1
560 559 1
560 561 1
561 512 1
561 560 1
561 562 1
562 512 1
562 513 1
562 561 1
562 563 1
562 613 1
563 512 1
563 513 1
563 514 1
563 562 1
563 564 1
563 613 1
563 614 1
564 513 1
564 514 1
564 515 1
564 563 1
564 565 1
564 613 1
564 614 1
565 514 1
565 515 1
565 516 1
565 564 1
565 566 1
565 614 1
566 515 1
566 516 1
566 517 1
566 565 1
568 517 1
568 519 1
568 569 1
568 619 1
569 519 1
569 520 1
569 568 1
569 570 1
569 619 1
569 620 1
570 519 1
570 520 1
570 521 1
570 569 1
570 571 1
570 619 1
570 620 1
570 621 1
571 520 1
571 521 1
571 570 1
571 620 1
571 621 1
573 523 1
573 524 1
573 574 1
573 623 1
573 624 1
574 523 1
574 524 1
574 525 1
574 573 1
574 575 1
574 623 1
574 624 1
575 524 1
575 525 1
575 526 1
575 574 1
575 576 1
575 624 1
575 626 1
576 525 1
576 526 1
576 575 1
576 577 1
576 626 1
577 526 1
577 528 1
577 576 1
577 578 1
577 626 1
577 628 1
578 528 1
578 529 1
578 577 1
578 579 1
578 628 1
578 629 1
579 528 1
579 529 1
579 530 1
579 578 1
579 580 1
579 628 1
579 629 1
579 630 1
580 529 1
580 530 1
580 531 1
580 579 1
580 629 1
580 630 1
580 631 1
584 533 1
584 535 1
584 585 1
584 633 1
584 634 1
584 635 1
585 535 1
585 584 1
585 634 1
585 635 1
585 636 1
588 538 1
588 589 1
588 637 1
588 638 1
588 639 1
589 538 1
589 540 1
589 588 1
589 590 1
589 638 1
589 639 1
589 640 1
590 540 1
590 541 1
590 589 1
590 591 1
590 639 1
590 640 1
591 540 1
591 541 1
591 542 1
591 590 1
591 640 1
593 542 1
593 543 1
593 544 1
593 594 1
593 643 1
593 644 1
594 543 1
594 544 1
594 545 1
594 593 1
594 643 1
594 644 1
596 545 1
596 546 1
596 597 1
596 646 1
596 647 1
597 546 1
597 596 1
597 598 1
597 646 1
597 647 1
598 597 1
598 599 1
598 647 1
598 649 1
599 598 1
599 649 1
600 550 1
600 601 1
600 651 1
601 550 1
601 552 1
601 600 1
601 602 1
601 651 1
601 652 1
602 552 1
602 553 1
602 601 1
602 603 1
602 651 1
602 652 1
603 552 1
603 553 1
603 554 1
603 602 1
603 652 1
605 554 1
605 555 1
605 655 1
608 557 1
608 559 1
608 657 1
608 658 1
608 659 1
613 562 1
613 563 1
613 564 1
613 614 1
613 662 1
613 663 1
614 563 1
614 564 1
614 565 1
614 613 1
614 663 1
614 665 1
619 568 1
619 569 1
619 570 1
619 620 1
619 669 1
619 670 1
620 569 1
620 570 1
620 571 1
620 619 1
620 621 1
620 669 1
620 670 1
620 671 1
621 570 1
621 571 1
621 620 1
621 670 1
621 671 1
623 573 1
623 574 1
623 624 1
623 673 1
623 674 1
624 573 1
624 574 1
624 575 1
624 623 1
624 673 1
624 674 1
624 675 1
626 575 1
626 576 1
626 577 1
626 675 1
626 676 1
626 677 1
628 577 1
628 578 1
628 579 1
628 629 1
628 677 1
628 679 1
629 578 1
629 579 1
629 580 1
629 628 1
629 630 1
629 679 1
629 680 1
630 579 1
630 580 1
630 629 1
630 631 1
630 679 1
630 680 1
630 681 1
631 580 1
631 630 1
631 632 1
631 680 1
631 681 1
631 682 1
632 631 1
632 633 1
632 681 1
632 682 1
632 683 1
633 584 1
633 632 1
633 634 1
633 682 1
633 683 1
634 584 1
634 585 1
634 633 1
634 635 1
634 683 1
635 584 1
635 585 1
635 634 1
635 636 1
636 585 1
636 635 1
636 637 1
636 687 1
637 588 1
637 636 1
637 638 1
637 687 1
637 688 1
638 588 1
638 589 1
638 637 1
638 639 1
638 687 1
638 688 1
638 689 1
639 588 1
639 589 1
639 590 1
639 638 1
639 640 1
639 688 1
639 689 1
640 589 1
640 590 1
640 591 1
640 639 1
640 689 1
640 691 1
643 593 1
643 594 1
643 644 1
643 692 1
643 693 1
643 694 1
644 593 1
644 594 1
644 643 1
644 693 1
644 694 1
644 695 1
646 596 1
646 597 1
646 647 1
646 695 1
647 596 1
647 597 1
647 598 1
647 646 1
647 698 1
649 598 1
649 599 1
649 698 1
649 699 1
651 600 1
651 601 1
651 602 1
651 652 1
651 700 1
651 702 1
652 601 1
652 602 1
652 603 1
652 651 1
652 702 1
652 703 1
655 605 1
655 704 1
657 608 1
657 658 1
657 707 1
658 608 1
658 657 1
658 659 1
658 707 1
659 608 1
659 658 1
659 710 1
662 613 1
662 663 1
662 711 1
662 712 1
662 713 1
663 613 1
663 614 1
663 662 1
663 712 1
663 713 1
663 714 1
665 614 1
665 666 1
665 714 1
665 715 1
665 716 1
666 665 1
666 715 1
666 716 1
666 717 1
669 619 1
669 620 1
669 670 1
669 718 1
670 619 1
670 620 1
670 621 1
670 669 1
670 671 1
671 620 1
671 621 1
671 670 1
671 722 1
673 623 1
673 624 1
673 674 1
673 722 1
674 623 1
674 624 1
674 673 1
674 675 1
675 624 1
675 626 1
675 674 1
675 676 1
675 726 1
676 626 1
676 675 1
676 677 1
676 726 1
677 626 1
677 628 1
677 676 1
677 726 1
677 728 1
679 628 1
679 629 1
679 630 1
679 680 1
679 728 1
679 730 1
680 629 1
680 630 1
680 631 1
680 679 1
680 681 1
680 730 1
680 731 1
681 630 1
681 631 1
681 632 1
681 680 1
681 682 1
681 730 1
681 731 1
682 631 1
682 632 1
682 633 1
682 681 1
682 683 1
682 731 1
682 733 1
683 632 1
683 633 1
683 634 1
683 682 1
683 733 1
683 734 1
687 636 1
687 637 1
687 638 1
687 688 1
687 736 1
687 737 1
687 738 1
688 637 1
688 638 1
688 639 1
688 687 1
688 689 1
688 737 1
688 738 1
689 638 1
689 639 1
689 640 1
689 688 1
689 738 1
689 740 1
691 640 1
691 692 1
691 740 1
691 741 1
691 742 1
692 643 1
692 691 1
692 693 1
692 741 1
692 742 1
693 643 1
693 644 1
693 692 1
693 694 1
693 742 1
693 744 1
694 643 1
694 644 1
694 693 1
694 695 1
694 744 1
695 644 1
695 646 1
695 694 1
695 744 1
695 746 1
698 647 1
698 649 1
698 699 1
698 747 1
698 748 1
698 749 1
699 649 1
699 698 1
699 748 1
699 749 1
700 651 1
700 750 1
700 751 1
702 651 1
702 652 1
702 703 1
702 751 1
702 752 1
702 753 1
703 652 1
703 702 1
703 704 1
703 752 1
703 753 1
703 754 1
704 655 1
704 703 1
704 753 1
704 754 1
704 755 1
707 657 1
707 658 1
707 756 1
707 757 1
707 758 1
710 659 1
710 711 1
710 759 1
710 760 1
710 761 1
711 662 1
711 710 1
711 712 1
711 760 1
711 761 1
711 762 1
712 662 1
712 663 1
712 711 1
712 713 1
712 761 1
712 762 1
712 763 1
713 662 1
713 663 1
713 712 1
713 714 1
713 762 1
713 763 1
713 764 1
714 663 1
714 665 1
714 713 1
714 715 1
714 763 1
714 764 1
714 765 1
715 665 1
715 666 1
715 714 1
715 716 1
715 764 1
715 765 1
715 766 1
716 665 1
716 666 1
716 715 1
716 717 1
716 765 1
716 766 1
716 767 1
717 666 1
717 716 1
717 718 1
717 766 1
717 767 1
717 768 1
718 669 1
718 717 1
718 767 1
718 768 1
718 769 1
722 671 1
722 673 1
722 772 1
722 773 1
726 675 1
726 676 1
726 677 1
726 777 1
728 677 1
728 679 1
728 777 1
728 778 1
730 679 1
730 680 1
730 681 1
730 731 1
730 781 1
731 680 1
731 681 1
731 682 1
731 730 1
731 781 1
731 782 1
733 682 1
733 683 1
733 734 1
733 782 1
733 783 1
734 683 1
734 733 1
734 735 1
734 783 1
734 785 1
735 734 1
735 736 1
735 785 1
736 687 1
736 735 1
736 737 1
736 785 1
737 687 1
737 688 1
737 736 1
737 738 1
738 687 1
738 688 1
738 689 1
738 737 1
740 689 1
740 691 1
740 741 1
740 790 1
740 791 1
741 691 1
741 692 1
741 740 1
741 742 1
741 790 1
741 791 1
742 691 1
742 692 1
742 693 1
742 741 1
742 791 1
742 793 1
744 693 1
744 694 1
744 695 1
744 793 1
744 794 1
746 695 1
746 747 1
746 797 1
747 698 1
747 746 1
747 748 1
747 797 1
747 798 1
748 698 1
748 699 1
748 747 1
748 749 1
748 797 1
748 798 1
749 698 1
749 699 1
749 748 1
749 798 1
750 700 1
750 751 1
750 800 1
751 700 1
751 702 1
751 750 1
751 752 1
751 800 1
752 702 1
752 703 1
752 751 1
752 753 1
752 803 1
753 702 1
753 703 1
753 704 1
753 752 1
753 754 1
753 803 1
753 804 1
754 703 1
754 704 1
754 753 1
754 755 1
754 803 1
754 804 1
754 805 1
755 704 1
755 754 1
755 756 1
755 804 1
755 805 1
755 806 1
756 707 1
756 755 1
756 757 1
756 805 1
756 806 1
756 807 1
757 707 1
757 756 1
757 758 1
757 806 1
757 807 1
757 808 1
758 707 1
758 757 1
758 759 1
758 807 1
758 808 1
759 710 1
759 758 1
759 760 1
759 808 1
760 710 1
760 711 1
760 759 1
760 761 1
760 811 1
761 710 1
761 711 1
761 712 1
761 760 1
761 762 1
761 811 1
761 812 1
762 711 1
762 712 1
762 713 1
762 761 1
762 763 1
762 811 1
762 812 1
762 813 1
763 712 1
763 713 1
763 714 1
763 762 1
763 764 1
763 812 1
763 813 1
763 814 1
764 713 1
764 714 1
764 715 1
764 763 1
764 765 1
764 813 1
764 814 1
765 714 1
765 715 1
765 716 1
765 764 1
765 766 1
765 814 1
765 816 1
766 715 1
766 716 1
766 717 1
766 765 1
766 767 1
766 816 1
766 817 1
767 716 1
767 717 1
767 718 1
767 766 1
767 768 1
767 816 1
767 817 1
768 717 1
768 718 1
768 767 1
768 769 1
768 817 1
769 718 1
769 768 1
769 770 1
769 820 1
770 769 1
770 820 1
772 722 1
772 773 1
772 822 1
773 722 1
773 772 1
773 822 1
773 824 1
777 726 1
777 728 1
777 778 1
777 826 1
777 828 1
778 728 1
778 777 1
778 828 1
778 829 1
781 730 1
781 731 1
781 782 1
781 830 1
781 831 1
781 832 1
782 731 1
782 733 1
782 781 1
782 783 1
782 831 1
782 832 1
783 733 1
783 734 1
783 782 1
783 832 1
783 834 1
785 734 1
785 735 1
785 736 1
785 834 1
785 835 1
785 836 1
790 740 1
790 741 1
790 791 1
790 840 1
791 740 1
791 741 1
791 742 1
791 790 1
791 840 1
793 742 1
793 744 1
793 794 1
793 843 1
793 844 1
794 744 1
794 793 1
794 843 1
794 844 1
794 845 1
797 746 1
797 747 1
797 748 1
797 798 1
797 846 1
797 847 1
797 848 1
798 747 1
798 748 1
798 749 1
798 797 1
798 847 1
798 848 1
800 750 1
800 751 1
800 850 1
803 752 1
803 753 1
803 754 1
803 804 1
803 852 1
803 853 1
803 854 1
804 753 1
804 754 1
804 755 1
804 803 1
804 805 1
804 853 1
804 854 1
804 855 1
805 754 1
805 755 1
805 756 1
805 804 1
805 806 1
805 854 1
805 855 1
805 856 1
806 755 1
806 756 1
806 757 1
806 805 1
806 807 1
806 855 1
806 856 1
807 756 1
807 757 1
807 758 1
807 806 1
807 808 1
807 856 1
807 858 1
808 757 1
808 758 1
808 759 1
808 807 1
808 858 1
808 859 1
811 760 1
811 761 1
811 762 1
811 812 1
811 860 1
811 861 1
811 862 1
812 761 1
812 762 1
812 763 1
812 811 1
812 813 1
812 861 1
812 862 1
812 863 1
813 762 1
813 763 1
813 764 1
813 812 1
813 814 1
813 862 1
813 863 1
813 864 1
814 763 1
814 764 1
814 765 1
814 813 1
814 863 1
814 864 1
816 765 1
816 766 1
816 767 1
816 817 1
816 866 1
816 867 1
817 766 1
817 767 1
817 768 1
817 816 1
817 866 1
817 867 1
817 868 1
820 769 1
820 770 1
820 870 1
820 871 1
822 772 1
822 773 1
822 871 1
822 872 1
822 873 1
824 773 1
824 873 1
824 874 1
824 875 1
826 777 1
826 875 1
826 876 1
828 777 1
828 778 1
828 829 1
828 879 1
829 778 1
829 828 1
829 830 1
829 879 1
830 781 1
830 829 1
830 831 1
830 879 1
831 781 1
831 782 1
831 830 1
831 832 1
832 781 1
832 782 1
832 783 1
832 831 1
832 883 1
834 783 1
834 785 1
834 835 1
834 883 1
834 884 1
834 885 1
835 785 1
835 834 1
835 836 1
835 884 1
835 885 1
836 785 1
836 835 1
836 885 1
838 888 1
838 889 1
840 790 1
840 791 1
840 889 1
840 890 1
843 793 1
843 794 1
843 844 1
843 894 1
844 793 1
844 794 1
844 843 1
844 845 1
844 894 1
845 794 1
845 844 1
845 846 1
845 894 1
845 896 1
846 797 1
846 845 1
846 847 1
846 896 1
846 897 1
847 797 1
847 798 1
847 846 1
847 848 1
847 896 1
847 897 1
848 797 1
848 798 1
848 847 1
848 897 1
848 899 1
850 800 1
850 900 1
850 901 1
852 803 1
852 853 1
852 901 1
852 903 1
853 803 1
853 804 1
853 852 1
853 854 1
853 903 1
853 904 1
854 803 1
854 804 1
854 805 1
854 853 1
854 855 1
854 903 1
854 904 1
854 905 1
855 804 1
855 805 1
855 806 1
855 854 1
855 856 1
855 904 1
855 905 1
855 906 1
856 805 1
856 806 1
856 807 1
856 855 1
856 905 1
856 906 1
858 807 1
858 808 1
858 859 1
858 908 1
859 808 1
859 858 1
859 860 1
859 908 1
860 811 1
860 859 1
860 861 1
860 911 1
861 811 1
861 812 1
861 860 1
861 862 1
861 911 1
861 912 1
862 811 1
862 812 1
862 813 1
862 861 1
862 863 1
862 911 1
862 912 1
862 913 1
863 812 1
863 813 1
863 814 1
863 862 1
863 864 1
863 912 1
863 913 1
863 914 1
864 813 1
864 814 1
864 863 1
864 913 1
864 914 1
866 816 1
866 817 1
866 867 1
866 917 1
867 816 1
867 817 1
867 866 1
867 868 1
867 917 1
867 918 1
868 817 1
868 867 1
868 917 1
868 918 1
868 919 1
870 820 1
870 871 1
870 919 1
870 920 1
871 820 1
871 822 1
871 870 1
871 872 1
871 920 1
871 922 1
872 822 1
872 871 1
872 873 1
872 922 1
873 822 1
873 824 1
873 872 1
873 874 1
873 922 1
873 924 1
874 824 1
874 873 1
874 875 1
874 924 1
874 925 1
875 824 1
875 826 1
875 874 1
875 876 1
875 924 1
875 925 1
875 926 1
876 826 1
876 875 1
876 925 1
876 926 1
876 927 1
879 828 1
879 829 1
879 830 1
879 929 1
879 930 1
883 832 1
883 834 1
883 884 1
883 934 1
884 834 1
884 835 1
884 883 1
884 885 1
884 934 1
885 834 1
885 835 1
885 836 1
885 884 1
885 934 1
885 936 1
888 838 1
888 889 1
888 937 1
888 938 1
888 939 1
889 838 1
889 840 1
889 888 1
889 890 1
889 938 1
889 939 1
890 840 1
890 889 1
890 939 1
894 843 1
894 844 1
894 845 1
894 943 1
894 944 1
896 845 1
896 846 1
896 847 1
896 897 1
896 947 1
897 846 1
897 847 1
897 848 1
897 896 1
897 947 1
897 948 1
899 848 1
899 948 1
900 850 1
900 901 1
900 950 1
900 951 1
901 850 1
901 852 1
901 900 1
901 950 1
901 951 1
903 852 1
903 853 1
903 854 1
903 904 1
903 953 1
904 853 1
904 854 1
904 855 1
904 903 1
904 905 1
904 953 1
905 854 1
905 855 1
905 856 1
905 904 1
905 906 1
905 956 1
906 855 1
906 856 1
906 905 1
906 956 1
906 957 1
908 858 1
908 859 1
908 957 1
908 958 1
908 959 1
911 860 1
911 861 1
911 862 1
911 912 1
911 960 1
911 961 1
911 962 1
912 861 1
912 862 1
912 863 1
912 911 1
912 913 1
912 961 1
912 962 1
913 862 1
913 863 1
913 864 1
913 912 1
913 914 1
913 962 1
913 964 1
914 863 1
914 864 1
914 913 1
914 964 1
914 965 1
917 866 1
917 867 1
917 868 1
917 918 1
917 966 1
917 968 1
918 867 1
918 868 1
918 917 1
918 919 1
918 968 1
918 969 1
919 868 1
919 870 1
919 918 1
919 920 1
919 968 1
919 969 1
919 970 1
920 870 1
920 871 1
920 919 1
920 969 1
920 970 1
920 971 1
922 871 1
922 872 1
922 873 1
922 971 1
922 973 1
924 873 1
924 874 1
924 875 1
924 925 1
924 973 1
924 974 1
924 975 1
925 874 1
925 875 1
925 876 1
925 924 1
925 926 1
925 974 1
925 975 1
925 976 1
926 875 1
926 876 1
926 925 1
926 927 1
926 975 1
926 976 1
926 977 1
927 876 1
927 926 1
927 976 1
927 977 1
927 978 1
929 879 1
929 930 1
929 978 1
930 879 1
930 929 1
930 931 1
930 981 1
931 930 1
931 981 1
931 982 1
934 883 1
934 884 1
934 885 1
934 985 1
936 885 1
936 937 1
936 985 1
936 986 1
936 987 1
937 888 1
937 936 1
937 938 1
937 986 1
937 987 1
937 988 1
938 888 1
938 889 1
938 937 1
938 939 1
938 987 1
938 988 1
938 989 1
939 888 1
939 889 1
939 890 1
939 938 1
939 988 1
939 989 1
942 943 1
942 991 1
942 992 1
942 993 1
943 894 1
943 942 1
943 944 1
943 992 1
943 993 1
944 894 1
944 943 1
944 993 1
944 995 1
947 896 1
947 897 1
947 948 1
947 996 1
947 997 1
947 998 1
948 897 1
948 899 1
948 947 1
948 997 1
948 998 1
948 999 1
950 900 1
950 901 1
950 951 1
950 1000 1
950 1001 1
951 900 1
951 901 1
951 950 1
951 1000 1
951 1001 1
953 903 1
953 904 1
953 1003 1
956 905 1
956 906 1
956 957 1
956 1006 1
957 906 1
957 908 1
957 956 1
957 958 1
957 1006 1
957 1008 1
958 908 1
958 957 1
958 959 1
958 1008 1
958 1009 1
959 908 1
959 958 1
959 960 1
959 1008 1
959 1009 1
959 1010 1
960 911 1
960 959 1
960 961 1
960 1009 1
960 1010 1
961 911 1
961 912 1
961 960 1
961 962 1
961 1010 1
961 1012 1
962 911 1
962 912 1
962 913 1
962 961 1
962 1012 1
964 913 1
964 914 1
964 965 1
964 1014 1
964 1015 1
965 914 1
965 964 1
965 966 1
965 1014 1
965 1015 1
965 1016 1
966 917 1
966 965 1
966 1015 1
966 1016 1
968 917 1
968 918 1
968 919 1
968 969 1
968 1018 1
968 1019 1
969 918 1
969 919 1
969 920 1
969 968 1
969 970 1
969 1018 1
969 1019 1
969 1020 1
970 919 1
970 920 1
970 969 1
970 971 1
970 1019 1
970 1020 1
970 1021 1
971 920 1
971 922 1
971 970 1
971 1020 1
971 1021 1
973 922 1
973 924 1
973 974 1
973 1023 1
973 1024 1
974 924 1
974 925 1
974 973 1
974 975 1
974 1023 1
974 1024 1
974 1025 1
975 924 1
975 925 1
975 926 1
975 974 1
975 976 1
975 1024 1
975 1025 1
976 925 1
976 926 1
976 927 1
976 975 1
976 977 1
976 1025 1
976 1027 1
977 926 1
977 927 1
977 976 1
977 978 1
977 1027 1
977 1028 1
978 927 1
978 929 1
978 977 1
978 1027 1
978 1028 1
978 1029 1
981 930 1
981 931 1
981 982 1
981 1030 1
981 1031 1
982 931 1
982 981 1
982 1031 1
985 934 1
985 936 1
985 986 1
985 1034 1
985 1035 1
985 1036 1
986 936 1
986 937 1
986 985 1
986 987 1
986 1035 1
986 1036 1
987 936 1
987 937 1
987 938 1
987 986 1
987 988 1
987 1036 1
988 937 1
988 938 1
988 939 1
988 987 1
988 989 1
988 1039 1
989 938 1
989 939 1
989 988 1
989 1039 1
991 942 1
991 992 1
991 1041 1
991 1042 1
992 942 1
992 943 1
992 991 1
992 993 1
992 1041 1
992 1042 1
993 942 1
993 943 1
993 944 1
993 992 1
993 1042 1
995 944 1
995 996 1
995 1045 1
996 947 1
996 995 1
996 997 1
996 1045 1
997 947 1
997 948 1
997 996 1
997 998 1
997 1048 1
998 947 1
998 948 1
998 997 1
998 999 1
998 1048 1
999 948 1
999 998 1
999 1048 1
1000 950 1
1000 951 1
1000 1001 1
1000 1050 1
1000 1051 1
1001 950 1
1001 951 1
1001 1000 1
1001 1050 1
1001 1051 1
1003 953 1
1003 1053 1
1003 1054 1
1006 956 1
1006 957 1
1006 1056 1
1006 1057 1
1008 957 1
1008 958 1
1008 959 1
1008 1009 1
1008 1057 1
1008 1058 1
1009 958 1
1009 959 1
1009 960 1
1009 1008 1
1009 1010 1
1009 1058 1
1009 1060 1
1010 959 1
1010 960 1
1010 961 1
1010 1009 1
1010 1060 1
1012 961 1
1012 962 1
1012 1062 1
1012 1063 1
1014 964 1
1014 965 1
1014 1015 1
1014 1063 1
1014 1064 1
1014 1065 1
1015 964 1
1015 965 1
1015 966 1
1015 1014 1
1015 1016 1
1015 1064 1
1015 1065 1
1015 1066 1
1016 965 1
1016 966 1
1016 1015 1
1016 1065 1
1016 1066 1
1016 1067 1
1018 968 1
1018 969 1
1018 1019 1
1018 1067 1
1018 1069 1
1019 968 1
1019 969 1
1019 970 1
1019 1018 1
1019 1020 1
1019 1069 1
1019 1070 1
1020 969 1
1020 970 1
1020 971 1
1020 1019 1
1020 1021 1
1020 1069 1
1020 1070 1
1020 1071 1
1021 970 1
1021 971 1
1021 1020 1
1021 1070 1
1021 1071 1
1023 973 1
1023 974 1
1023 1024 1
1023 1073 1
1023 1074 1
1024 973 1
1024 974 1
1024 975 1
1024 1023 1
1024 1025 1
1024 1073 1
1024 1074 1
1024 1075 1
1025 974 1
1025 975 1
1025 976 1
1025 1024 1
1025 1074 1
1025 1075 1
1027 976 1
1027 977 1
1027 978 1
1027 1028 1
1027 1077 1
1027 1078 1
1028 977 1
1028 978 1
1028 1027 1
1028 1029 1
1028 1077 1
1028 1078 1
1028 1079 1
1029 978 1
1029 1028 1
1029 1030 1
1029 1078 1
1029 1079 1
1029 1080 1
1030 981 1
1030 1029 1
1030 1031 1
1030 1079 1
1030 1080 1
1030 1081 1
1031 981 1
1031 982 1
1031 1030 1
1031 1080 1
1031 1081 1
1034 985 1
1034 1035 1
1034 1083 1
1035 985 1
1035 986 1
1035 1034 1
1035 1036 1
1035 1086 1
1036 985 1
1036 986 1
1036 987 1
1036 1035 1
1036 1086 1
1036 1087 1
1039 988 1
1039 989 1
1039 1089 1
1041 991 1
1041 992 1
1041 1042 1
1041 1091 1
1042 991 1
1042 992 1
1042 993 1
1042 1041 1
1042 1091 1
1042 1093 1
1045 995 1
1045 996 1
1045 1095 1
1048 997 1
1048 998 1
1048 999 1
1048 1097 1
1048 1099 1
1050 1000 1
1050 1001 1
1050 1051 1
1050 1101 1
1051 1000 1
1051 1001 1
1051 1050 1
1051 1101 1
1051 1102 1
1053 1003 1
1053 1054 1
1053 1102 1
1053 1103 1
1054 1003 1
1054 1053 1
1054 1103 1
1056 1006 1
1056 1057 1
1056 1106 1
1057 1006 1
1057 1008 1
1057 1056 1
1057 1058 1
1057 1106 1
1057 1108 1
1058 1008 1
1058 1009 1
1058 1057 1
1058 1108 1
1058 1109 1
1060 1009 1
1060 1010 1
1060 1109 1
1060 1111 1
1062 1012 1
1062 1063 1
1062 1111 1
1062 1112 1
1062 1113 1
1063 1012 1
1063 1014 1
1063 1062 1
1063 1064 1
1063 1112 1
1063 1113 1
1064 1014 1
1064 1015 1
1064 1063 1
1064 1065 1
1064 1113 1
1064 1115 1
1065 1014 1
1065 1015 1
1065 1016 1
1065 1064 1
1065 1066 1
1065 1115 1
1066 1015 1
1066 1016 1
1066 1065 1
1066 1067 1
1066 1115 1
1067 1016 1
1067 1018 1
1067 1066 1
1069 1018 1
1069 1019 1
1069 1020 1
1069 1070 1
1069 1119 1
1069 1120 1
1070 1019 1
1070 1020 1
1070 1021 1
1070 1069 1
1070 1071 1
1070 1119 1
1070 1120 1
1070 1121 1
1071 1020 1
1071 1021 1
1071 1070 1
1071 1120 1
1071 1121 1
1071 1122 1
1073 1023 1
1073 1024 1
1073 1074 1
1073 1122 1
1074 1023 1
1074 1024 1
1074 1025 1
1074 1073 1
1074 1075 1
1074 1125 1
1075 1024 1
1075 1025 1
1075 1074 1
1075 1125 1
1077 1027 1
1077 1028 1
1077 1078 1
1077 1127 1
1078 1027 1
1078 1028 1
1078 1029 1
1078 1077 1
1078 1079 1
1078 1127 1
1078 1129 1
1079 1028 1
1079 1029 1
1079 1030 1
1079 1078 1
1079 1080 1
1079 1129 1
1080 1029 1
1080 1030 1
1080 1031 1
1080 1079 1
1080 1081 1
1080 1129 1
1080 1131 1
1081 1030 1
1081 1031 1
1081 1080 1
1081 1131 1
1081 1132 1
1083 1034 1
1083 1132 1
1083 1134 1
1086 1035 1
1086 1036 1
1086 1087 1
1086 1136 1
1086 1137 1
1087 1036 1
1087 1086 1
1087 1136 1
1087 1137 1
1087 1138 1
1089 1039 1
1089 1138 1
1089 1139 1
1091 1041 1
1091 1042 1
1091 1141 1
1093 1042 1
1093 1143 1
1093 1144 1
1095 1045 1
1095 1144 1
1095 1145 1
1095 1146 1
1097 1048 1
1097 1146 1
1097 1148 1
1099 1048 1
1099 1148 1
1101 1050 1
1101 1051 1
1101 1102 1
1101 1151 1
1101 1152 1
1102 1051 1
1102 1053 1
1102 1101 1
1102 1103 1
1102 1151 1
1102 1152 1
1102 1153 1
1103 1053 1
1103 1054 1
1103 1102 1
1103 1152 1
1103 1153 1
1103 1154 1
1106 1056 1
1106 1057 1
1106 1155 1
1106 1156 1
1108 1057 1
1108 1058 1
1108 1109 1
1108 1158 1
1108 1159 1
1109 1058 1
1109 1060 1
1109 1108 1
1109 1158 1
1109 1159 1
1109 1160 1
1111 1060 1
1111 1062 1
1111 1112 1
1111 1160 1
1111 1161 1
1111 1162 1
1112 1062 1
1112 1063 1
1112 1111 1
1112 1113 1
1112 1161 1
1112 1162 1
1112 1163 1
1113 1062 1
1113 1063 1
1113 1064 1
1113 1112 1
1113 1162 1
1113 1163 1
1115 1064 1
1115 1065 1
1115 1066 1
1115 1166 1
1119 1069 1
1119 1070 1
1119 1120 1
1119 1168 1
1120 1069 1
1120 1070 1
1120 1071 1
1120 1119 1
1120 1121 1
1120 1171 1
1121 1070 1
1121 1071 1
1121 1120 1
1121 1122 1
1121 1171 1
1121 1172 1
1122 1071 1
1122 1073 1
1122 1121 1
1122 1171 1
1122 1172 1
1122 1173 1
1125 1074 1
1125 1075 1
1125 1175 1
1125 1176 1
1127 1077 1
1127 1078 1
1127 1176 1
1129 1078 1
1129 1079 1
1129 1080 1
1129 1179 1
1129 1180 1
1131 1080 1
1131 1081 1
1131 1132 1
1131 1180 1
1131 1182 1
1132 1081 1
1132 1083 1
1132 1131 1
1132 1182 1
1134 1083 1
1136 1086 1
1136 1087 1
1136 1137 1
1137 1086 1
1137 1087 1
1137 1136 1
1137 1138 1
1137 1188 1
1138 1087 1
1138 1089 1
1138 1137 1
1138 1139 1
1138 1188 1
1138 1189 1
1139 1089 1
1139 1138 1
1139 1188 1
1139 1189 1
1141 1091 1
1141 1191 1
1141 1192 1
1143 1093 1
1143 1144 1
1143 1192 1
1143 1193 1
1144 1093 1
1144 1095 1
1144 1143 1
1144 1145 1
1144 1193 1
1144 1195 1
1145 1095 1
1145 1144 1
1145 1146 1
1145 1195 1
1145 1196 1
1146 1095 1
1146 1097 1
1146 1145 1
1146 1195 1
1146 1196 1
1148 1097 1
1148 1099 1
1148 1199 1
1151 1101 1
1151 1102 1
1151 1152 1
1151 1200 1
1151 1202 1
1152 1101 1
1152 1102 1
1152 1103 1
1152 1151 1
1152 1153 1
1152 1202 1
1152 1203 1
1153 1102 1
1153 1103 1
1153 1152 1
1153 1154 1
1153 1202 1
1153 1203 1
1154 1103 1
1154 1153 1
1154 1155 1
1154 1203 1
1154 1205 1
1155 1106 1
1155 1154 1
1155 1156 1
1155 1205 1
1156 1106 1
1156 1155 1
1156 1205 1
1158 1108 1
1158 1109 1
1158 1159 1
1158 1208 1
1158 1209 1
1159 1108 1
1159 1109 1
1159 1158 1
1159 1160 1
1159 1208 1
1159 1209 1
1160 1109 1
1160 1111 1
1160 1159 1
1160 1161 1
1160 1209 1
1160 1211 1
1161 1111 1
1161 1112 1
1161 1160 1
1161 1162 1
1161 1211 1
1161 1212 1
1162 1111 1
1162 1112 1
1162 1113 1
1162 1161 1
1162 1163 1
1162 1211 1
1162 1212 1
1163 1112 1
1163 1113 1
1163 1162 1
1163 1212 1
1166 1115 1
1166 1215 1
1166 1216 1
1166 1217 1
1168 1119 1
1168 1217 1
1168 1219 1
1171 1120 1
1171 1121 1
1171 1122 1
1171 1172 1
1171 1220 1
1171 1221 1
1172 1121 1
1172 1122 1
1172 1171 1
1172 1173 1
1172 1221 1
1172 1223 1
1173 1122 1
1173 1172 1
1173 1223 1
1173 1224 1
1175 1125 1
1175 1176 1
1175 1224 1
1175 1225 1
1175 1226 1
1176 1125 1
1176 1127 1
1176 1175 1
1176 1225 1
1176 1226 1
1176 1227 1
1179 1129 1
1179 1180 1
1179 1228 1
1179 1230 1
1180 1129 1
1180 1131 1
1180 1179 1
1180 1230 1
1180 1231 1
1182 1131 1
1182 1132 1
1182 1231 1
1182 1232 1
1182 1233 1
1188 1137 1
1188 1138 1
1188 1139 1
1188 1189 1
1188 1237 1
1188 1238 1
1188 1239 1
1189 1138 1
1189 1139 1
1189 1188 1
1189 1238 1
1189 1239 1
1189 1240 1
1191 1141 1
1191 1192 1
1191 1240 1
1191 1242 1
1192 1141 1
1192 1143 1
1192 1191 1
1192 1193 1
1192 1242 1
1192 1243 1
1193 1143 1
1193 1144 1
1193 1192 1
1193 1242 1
1193 1243 1
1193 1244 1
1195 1144 1
1195 1145 1
1195 1146 1
1195 1196 1
1195 1244 1
1195 1245 1
1195 1246 1
1196 1145 1
1196 1146 1
1196 1195 1
1196 1245 1
1196 1246 1
1196 1247 1
1199 1148 1
1199 1248 1
1200 1151 1
1200 1251 1
1202 1151 1
1202 1152 1
1202 1153 1
1202 1203 1
1202 1251 1
1202 1252 1
1202 1253 1
1203 1152 1
1203 1153 1
1203 1154 1
1203 1202 1
1203 1252 1
1203 1253 1
1203 1254 1
1205 1154 1
1205 1155 1
1205 1156 1
1205 1254 1
1208 1158 1
1208 1159 1
1208 1209 1
1209 1158 1
1209 1159 1
1209 1160 1
1209 1208 1
1211 1160 1
1211 1161 1
1211 1162 1
1211 1212 1
1212 1161 1
1212 1162 1
1212 1163 1
1212 1211 1
1212 1263 1
1215 1166 1
1215 1216 1
1215 1264 1
1215 1265 1
1215 1266 1
1216 1166 1
1216 1215 1
1216 1217 1
1216 1265 1
1216 1266 1
1216 1267 1
1217 1166 1
1217 1168 1
1217 1216 1
1217 1266 1
1217 1267 1
1217 1268 1
1219 1168 1
1219 1220 1
1219 1268 1
1219 1269 1
1219 1270 1
1220 1171 1
1220 1219 1
1220 1221 1
1220 1269 1
1220 1270 1
1220 1271 1
1221 1171 1
1221 1172 1
1221 1220 1
1221 1270 1
1221 1271 1
1221 1272 1
1223 1172 1
1223 1173 1
1223 1224 1
1223 1272 1
1224 1173 1
1224 1175 1
1224 1223 1
1224 1225 1
1224 1275 1
1225 1175 1
1225 1176 1
1225 1224 1
1225 1226 1
1225 1275 1
1225 1276 1
1226 1175 1
1226 1176 1
1226 1225 1
1226 1227 1
1226 1275 1
1226 1276 1
1227 1176 1
1227 1226 1
1227 1228 1
1227 1276 1
1228 1179 1
1228 1227 1
1228 1279 1
1230 1179 1
1230 1180 1
1230 1231 1
1230 1279 1
1230 1280 1
1230 1281 1
1231 1180 1
1231 1182 1
1231 1230 1
1231 1232 1
1231 1280 1
1231 1281 1
1231 1282 1
1232 1182 1
1232 1231 1
1232 1233 1
1232 1281 1
1232 1282 1
1233 1182 1
1233 1232 1
1233 1234 1
1233 1282 1
1233 1284 1
1234 1233 1
1234 1235 1
1234 1284 1
1234 1285 1
1235 1234 1
1235 1236 1
1235 1284 1
1235 1285 1
1235 1286 1
1236 1235 1
1236 1237 1
1236 1285 1
1236 1286 1
1236 1287 1
1237 1188 1
1237 1236 1
1237 1238 1
1237 1286 1
1237 1287 1
1238 1188 1
1238 1189 1
1238 1237 1
1238 1239 1
1238 1287 1
1238 1289 1
1239 1188 1
1239 1189 1
1239 1238 1
1239 1240 1
1239 1289 1
1240 1189 1
1240 1191 1
1240 1239 1
1240 1289 1
1240 1291 1
1242 1191 1
1242 1192 1
1242 1193 1
1242 1243 1
1242 1291 1
1242 1293 1
1243 1192 1
1243 1193 1
1243 1242 1
1243 1244 1
1243 1293 1
1244 1193 1
1244 1195 1
1244 1243 1
1244 1245 1
1244 1293 1
1244 1295 1
1245 1195 1
1245 1196 1
1245 1244 1
1245 1246 1
1245 1295 1
1246 1195 1
1246 1196 1
1246 1245 1
1246 1247 1
1246 1295 1
1247 1196 1
1247 1246 1
1247 1248 1
1247 1298 1
1248 1199 1
1248 1247 1
1248 1298 1
1248 1299 1
1251 1200 1
1251 1202 1
1251 1252 1
1251 1300 1
1251 1301 1
1252 1202 1
1252 1203 1
1252 1251 1
1252 1253 1
1252 1301 1
1252 1303 1
1253 1202 1
1253 1203 1
1253 1252 1
1253 1254 1
1253 1303 1
1253 1304 1
1254 1203 1
1254 1205 1
1254 1253 1
1254 1303 1
1254 1304 1
1254 1305 1
1263 1212 1
1263 1264 1
1263 1312 1
1263 1313 1
1263 1314 1
1264 1215 1
1264 1263 1
1264 1265 1
1264 1313 1
1264 1314 1
1265 1215 1
1265 1216 1
1265 1264 1
1265 1266 1
1265 1314 1
1266 1215 1
1266 1216 1
1266 1217 1
1266 1265 1
1266 1267 1
1266 1317 1
1267 1216 1
1267 1217 1
1267 1266 1
1267 1268 1
1267 1317 1
1268 1217 1
1268 1219 1
1268 1267 1
1268 1269 1
1268 1317 1
1269 1219 1
1269 1220 1
1269 1268 1
1269 1270 1
1269 1320 1
1270 1219 1
1270 1220 1
1270 1221 1
1270 1269 1
1270 1271 1
1270 1320 1
1270 1321 1
1271 1220 1
1271 1221 1
1271 1270 1
1271 1272 1
1271 1320 1
1271 1321 1
1272 1221 1
1272 1223 1
1272 1271 1
1272 1321 1
1272 1323 1
1275 1224 1
1275 1225 1
1275 1226 1
1275 1276 1
1275 1326 1
1276 1225 1
1276 1226 1
1276 1227 1
1276 1275 1
1276 1326 1
1276 1327 1
1279 1228 1
1279 1230 1
1279 1280 1
1279 1329 1
1279 1330 1
1280 1230 1
1280 1231 1
1280 1279 1
1280 1281 1
1280 1329 1
1280 1330 1
1280 1331 1
1281 1230 1
1281 1231 1
1281 1232 1
1281 1280 1
1281 1282 1
1281 1330 1
1281 1331 1
1281 1332 1
1282 1231 1
1282 1232 1
1282 1233 1
1282 1281 1
1282 1331 1
1282 1332 1
1282 1333 1
1284 1233 1
1284 1234 1
1284 1235 1
1284 1285 1
1284 1333 1
1284 1334 1
1285 1234 1
1285 1235 1
1285 1236 1
1285 1284 1
1285 1286 1
1285 1334 1
1285 1336 1
1286 1235 1
1286 1236 1
1286 1237 1
1286 1285 1
1286 1287 1
1286 1336 1
1286 1337 1
1287 1236 1
1287 1237 1
1287 1238 1
1287 1286 1
1287 1336 1
1287 1337 1
1289 1238 1
1289 1239 1
1289 1240 1
1289 1340 1
1291 1240 1
1291 1242 1
1291 1340 1
1291 1342 1
1293 1242 1
1293 1243 1
1293 1244 1
1293 1342 1
1293 1343 1
1293 1344 1
1295 1244 1
1295 1245 1
1295 1246 1
1295 1344 1
1295 1345 1
1295 1346 1
1298 1247 1
1298 1248 1
1298 1299 1
1298 1347 1
1298 1348 1
1298 1349 1
1299 1248 1
1299 1298 1
1299 1348 1
1299 1349 1
1300 1251 1
1300 1301 1
1300 1351 1
1301 1251 1
1301 1252 1
1301 1300 1
1301 1351 1
1301 1352 1
1303 1252 1
1303 1253 1
1303 1254 1
1303 1304 1
1303 1352 1
1304 1253 1
1304 1254 1
1304 1303 1
1304 1305 1
1305 1254 1
1305 1304 1
1305 1306 1
1306 1305 1
1306 1307 1
1306 1357 1
1307 1306 1
1307 1308 1
1307 1357 1
1307 1358 1
1308 1307 1
1308 1357 1
1308 1358 1
1310 1361 1
1312 1263 1
1312 1313 1
1312 1361 1
1312 1362 1
1312 1363 1
1313 1263 1
1313 1264 1
1313 1312 1
1313 1314 1
1313 1362 1
1313 1363 1
1313 1364 1
1314 1263 1
1314 1264 1
1314 1265 1
1314 1313 1
1314 1363 1
1314 1364 1
1314 1365 1
1317 1266 1
1317 1267 1
1317 1268 1
1317 1366 1
1317 1368 1
1320 1269 1
1320 1270 1
1320 1271 1
1320 1321 1
1320 1370 1
1320 1371 1
1321 1270 1
1321 1271 1
1321 1272 1
1321 1320 1
1321 1370 1
1321 1371 1
1323 1272 1
1323 1373 1
1323 1374 1
1326 1275 1
1326 1276 1
1326 1327 1
1326 1375 1
1326 1376 1
1326 1377 1
1327 1276 1
1327 1326 1
1327 1376 1
1327 1377 1
1327 1378 1
1329 1279 1
1329 1280 1
1329 1330 1
1329 1378 1
1329 1379 1
1329 1380 1
1330 1279 1
1330 1280 1
1330 1281 1
1330 1329 1
1330 1331 1
1330 1379 1
1330 1380 1
1330 1381 1
1331 1280 1
1331 1281 1
1331 1282 1
1331 1330 1
1331 1332 1
1331 1380 1
1331 1381 1
1332 1281 1
1332 1282 1
1332 1331 1
1332 1333 1
1332 1381 1
1332 1383 1
1333 1282 1
1333 1284 1
1333 1332 1
1333 1334 1
1333 1383 1
1334 1284 1
1334 1285 1
1334 1333 1
1334 1383 1
1336 1285 1
1336 1286 1
1336 1287 1
1336 1337 1
1336 1386 1
1337 1286 1
1337 1287 1
1337 1336 1
1337 1386 1
1337 1388 1
1340 1289 1
1340 1291 1
1340 1389 1
1340 1390 1
1340 1391 1
1342 1291 1
1342 1293 1
1342 1343 1
1342 1391 1
1342 1392 1
1342 1393 1
1343 1293 1
1343 1342 1
1343 1344 1
1343 1392 1
1343 1393 1
1343 1394 1
1344 1293 1
1344 1295 1
1344 1343 1
1344 1345 1
1344 1393 1
1344 1394 1
1344 1395 1
1345 1295 1
1345 1344 1
1345 1346 1
1345 1394 1
1345 1395 1
1345 1396 1
1346 1295 1
1346 1345 1
1346 1347 1
1346 1395 1
1346 1396 1
1346 1397 1
1347 1298 1
1347 1346 1
1347 1348 1
1347 1396 1
1347 1397 1
1348 1298 1
1348 1299 1
1348 1347 1
1348 1349 1
1348 1397 1
1348 1399 1
1349 1298 1
1349 1299 1
1349 1348 1
1349 1399 1
1351 1300 1
1351 1301 1
1351 1352 1
1351 1402 1
1352 1301 1
1352 1303 1
1352 1351 1
1352 1402 1
1357 1306 1
1357 1307 1
1357 1308 1
1357 1358 1
1357 1407 1
1357 1408 1
1358 1307 1
1358 1308 1
1358 1357 1
1358 1407 1
1358 1408 1
1358 1409 1
1361 1310 1
1361 1312 1
1361 1362 1
1361 1410 1
1361 1411 1
1361 1412 1
1362 1312 1
1362 1313 1
1362 1361 1
1362 1363 1
1362 1411 1
1362 1412 1
1363 1312 1
1363 1313 1
1363 1314 1
1363 1362 1
1363 1364 1
1363 1412 1
1363 1414 1
1364 1313 1
1364 1314 1
1364 1363 1
1364 1365 1
1364 1414 1
1364 1415 1
1365 1314 1
1365 1364 1
1365 1366 1
1365 1414 1
1365 1415 1
1365 1416 1
1366 1317 1
1366 1365 1
1366 1415 1
1366 1416 1
1366 1417 1
1368 1317 1
1368 1417 1
1368 1418 1
1370 1320 1
1370 1321 1
1370 1371 1
1370 1420 1
1371 1320 1
1371 1321 1
1371 1370 1
1371 1420 1
1371 1422 1
1373 1323 1
1373 1374 1
1373 1422 1
1373 1423 1
1373 1424 1
1374 1323 1
1374 1373 1
1374 1375 1
1374 1423 1
1374 1424 1
1374 1425 1
1375 1326 1
1375 1374 1
1375 1376 1
1375 1424 1
1375 1425 1
1375 1426 1
1376 1326 1
1376 1327 1
1376 1375 1
1376 1377 1
1376 1425 1
1376 1426 1
1376 1427 1
1377 1326 1
1377 1327 1
1377 1376 1
1377 1378 1
1377 1426 1
1377 1427 1
1377 1428 1
1378 1327 1
1378 1329 1
1378 1377 1
1378 1379 1
1378 1427 1
1378 1428 1
1379 1329 1
1379 1330 1
1379 1378 1
1379 1380 1
1379 1428 1
1380 1329 1
1380 1330 1
1380 1331 1
1380 1379 1
1380 1381 1
1380 1431 1
1381 1330 1
1381 1331 1
1381 1332 1
1381 1380 1
1381 1431 1
1381 1432 1
1383 1332 1
1383 1333 1
1383 1334 1
1383 1432 1
1386 1336 1
1386 1337 1
1386 1435 1
1386 1436 1
1386 1437 1
1388 1337 1
1388 1389 1
1388 1437 1
1388 1439 1
1389 1340 1
1389 1388 1
1389 1390 1
1389 1439 1
1389 1440 1
1390 1340 1
1390 1389 1
1390 1391 1
1390 1439 1
1390 1440 1
1391 1340 1
1391 1342 1
1391 1390 1
1391 1392 1
1391 1440 1
1392 1342 1
1392 1343 1
1392 1391 1
1392 1393 1
1392 1443 1
1393 1342 1
1393 1343 1
1393 1344 1
1393 1392 1
1393 1394 1
1393 1443 1
1394 1343 1
1394 1344 1
1394 1345 1
1394 1393 1
1394 1395 1
1394 1443 1
1394 1445 1
1395 1344 1
1395 1345 1
1395 1346 1
1395 1394 1
1395 1396 1
1395 1445 1
1396 1345 1
1396 1346 1
1396 1347 1
1396 1395 1
1396 1397 1
1396 1445 1
1396 1447 1
1397 1346 1
1397 1347 1
1397 1348 1
1397 1396 1
1397 1447 1
1397 1448 1
1399 1348 1
1399 1349 1
1399 1448 1
1399 1449 1
1402 1351 1
1402 1352 1
1402 1451 1
1402 1452 1
1402 1453 1
1404 1405 1
1404 1453 1
1404 1454 1
1405 1404 1
1405 1454 1
1407 1357 1
1407 1358 1
1407 1408 1
1407 1457 1
1407 1458 1
1408 1357 1
1408 1358 1
1408 1407 1
1408 1409 1
1408 1457 1
1408 1458 1
1408 1459 1
1409 1358 1
1409 1408 1
1409 1410 1
1409 1458 1
1409 1459 1
1410 1361 1
1410 1409 1
1410 1411 1
1410 1459 1
1410 1461 1
1411 1361 1
1411 1362 1
1411 1410 1
1411 1412 1
1411 1461 1
1411 1462 1
1412 1361 1
1412 1362 1
1412 1363 1
1412 1411 1
1412 1461 1
1412 1462 1
1412 1463 1
1414 1363 1
1414 1364 1
1414 1365 1
1414 1415 1
1414 1463 1
1414 1465 1
1415 1364 1
1415 1365 1
1415 1366 1
1415 1414 1
1415 1416 1
1415 1465 1
1415 1466 1
1416 1365 1
1416 1366 1
1416 1415 1
1416 1417 1
1416 1465 1
1416 1466 1
1417 1366 1
1417 1368 1
1417 1416 1
1417 1418 1
1417 1466 1
1417 1468 1
1418 1368 1
1418 1417 1
1418 1468 1
1420 1370 1
1420 1371 1
1420 1470 1
1420 1471 1
1422 1371 1
1422 1373 1
1422 1423 1
1422 1471 1
1422 1472 1
1422 1473 1
1423 1373 1
1423 1374 1
1423 1422 1
1423 1424 1
1423 1472 1
1423 1473 1
1424 1373 1
1424 1374 1
1424 1375 1
1424 1423 1
1424 1425 1
1424 1473 1
1425 1374 1
1425 1375 1
1425 1376 1
1425 1424 1
1425 1426 1
1426 1375 1
1426 1376 1
1426 1377 1
1426 1425 1
1426 1427 1
1427 1376 1
1427 1377 1
1427 1378 1
1427 1426 1
1427 1428 1
1427 1478 1
1428 1377 1
1428 1378 1
1428 1379 1
1428 1427 1
1428 1478 1
1431 1380 1
1431 1381 1
1431 1432 1
1431 1480 1
1431 1481 1
1431 1482 1
1432 1381 1
1432 1383 1
1432 1431 1
1432 1481 1
1432 1482 1
1432 1483 1
1435 1386 1
1435 1436 1
1435 1484 1
1435 1485 1
1435 1486 1
1436 1386 1
1436 1435 1
1436 1437 1
1436 1485 1
1436 1486 1
1436 1487 1
1437 1386 1
1437 1388 1
1437 1436 1
1437 1486 1
1437 1487 1
1437 1488 1
1439 1388 1
1439 1389 1
1439 1390 1
1439 1440 1
1439 1488 1
1439 1489 1
1439 1490 1
1440 1389 1
1440 1390 1
1440 1391 1
1440 1439 1
1440 1489 1
1440 1490 1
1440 1491 1
1443 1392 1
1443 1393 1
1443 1394 1
1443 1492 1
1443 1493 1
1445 1394 1
1445 1395 1
1445 1396 1
1445 1495 1
1445 1496 1
1447 1396 1
1447 1397 1
1447 1448 1
1447 1496 1
1447 1498 1
1448 1397 1
1448 1399 1
1448 1447 1
1448 1449 1
1448 1498 1
1448 1499 1
1449 1399 1
1449 1448 1
1449 1498 1
1449 1499 1
1450 1451 1
1450 1500 1
1451 1402 1
1451 1450 1
1451 1452 1
1451 1500 1
1451 1502 1
1452 1402 1
1452 1451 1
1452 1453 1
1452 1502 1
1453 1402 1
1453 1404 1
1453 1452 1
1453 1454 1
1453 1502 1
1454 1404 1
1454 1405 1
1454 1453 1
1454 1505 1
1457 1407 1
1457 1408 1
1457 1458 1
1457 1507 1
1457 1508 1
1458 1407 1
1458 1408 1
1458 1409 1
1458 1457 1
1458 1459 1
1458 1507 1
1458 1508 1
1458 1509 1
1459 1408 1
1459 1409 1
1459 1410 1
1459 1458 1
1459 1508 1
1459 1509 1
1461 1410 1
1461 1411 1
1461 1412 1
1461 1462 1
1461 1511 1
1462 1411 1
1462 1412 1
1462 1461 1
1462 1463 1
1462 1511 1
1463 1412 1
1463 1414 1
1463 1462 1
1463 1514 1
1465 1414 1
1465 1415 1
1465 1416 1
1465 1466 1
1465 1514 1
1465 1515 1
1466 1415 1
1466 1416 1
1466 1417 1
1466 1465 1
1466 1515 1
1466 1517 1
1468 1417 1
1468 1418 1
1468 1517 1
1468 1518 1
1470 1420 1
1470 1471 1
1470 1520 1
1471 1420 1
1471 1422 1
1471 1470 1
1471 1472 1
1471 1520 1
1471 1522 1
1472 1422 1
1472 1423 1
1472 1471 1
1472 1473 1
1472 1522 1
1473 1422 1
1473 1423 1
1473 1424 1
1473 1472 1
1473 1522 1
1478 1427 1
1478 1428 1
1478 1527 1
1478 1529 1
1480 1431 1
1480 1481 1
1480 1529 1
1480 1531 1
1481 1431 1
1481 1432 1
1481 1480 1
1481 1482 1
1481 1531 1
1481 1532 1
1482 1431 1
1482 1432 1
1482 1481 1
1482 1483 1
1482 1531 1
1482 1532 1
1483 1432 1
1483 1482 1
1483 1484 1
1483 1532 1
1484 1435 1
1484 1483 1
1484 1485 1
1484 1535 1
1485 1435 1
1485 1436 1
1485 1484 1
1485 1486 1
1485 1535 1
1485 1536 1
1486 1435 1
1486 1436 1
1486 1437 1
1486 1485 1
1486 1487 1
1486 1535 1
1486 1536 1
1486 1537 1
1487 1436 1
1487 1437 1
1487 1486 1
1487 1488 1
1487 1536 1
1487 1537 1
1487 1538 1
1488 1437 1
1488 1439 1
1488 1487 1
1488 1489 1
1488 1537 1
1488 1538 1
1488 1539 1
1489 1439 1
1489 1440 1
1489 1488 1
1489 1490 1
1489 1538 1
1489 1539 1
1489 1540 1
1490 1439 1
1490 1440 1
1490 1489 1
1490 1491 1
1490 1539 1
1490 1540 1
1491 1440 1
1491 1490 1
1491 1492 1
1491 1540 1
1491 1542 1
1492 1443 1
1492 1491 1
1492 1493 1
1492 1542 1
1492 1543 1
1493 1443 1
1493 1492 1
1493 1542 1
1493 1543 1
1493 1544 1
1495 1445 1
1495 1496 1
1495 1544 1
1495 1545 1
1495 1546 1
1496 1445 1
1496 1447 1
1496 1495 1
1496 1545 1
1496 1546 1
1496 1547 1
1498 1447 1
1498 1448 1
1498 1449 1
1498 1499 1
1498 1547 1
1498 1548 1
1498 1549 1
1499 1448 1
1499 1449 1
1499 1498 1
1499 1548 1
1499 1549 1
1500 1450 1
1500 1451 1
1500 1550 1
1500 1551 1
1502 1451 1
1502 1452 1
1502 1453 1
1502 1551 1
1502 1552 1
1502 1553 1
1505 1454 1
1505 1554 1
1505 1555 1
1507 1457 1
1507 1458 1
1507 1508 1
1507 1558 1
1508 1457 1
1508 1458 1
1508 1459 1
1508 1507 1
1508 1509 1
1508 1558 1
1508 1559 1
1509 1458 1
1509 1459 1
1509 1508 1
1509 1558 1
1509 1559 1
1509 1560 1
1511 1461 1
1511 1462 1
1511 1560 1
1511 1562 1
1514 1463 1
1514 1465 1
1514 1515 1
1514 1564 1
1514 1565 1
1515 1465 1
1515 1466 1
1515 1514 1
1515 1564 1
1515 1565 1
1517 1466 1
1517 1468 1
1517 1518 1
1518 1468 1
1518 1517 1
1518 1569 1
1520 1470 1
1520 1471 1
1520 1569 1
1520 1570 1
1520 1571 1
1522 1471 1
1522 1472 1
1522 1473 1
1522 1571 1
1522 1572 1
1522 1573 1
1525 1526 1
1525 1575 1
1525 1576 1
1526 1525 1
1526 1527 1
1526 1575 1
1526 1576 1
1526 1577 1
1527 1478 1
1527 1526 1
1527 1576 1
1527 1577 1
1527 1578 1
1529 1478 1
1529 1480 1
1529 1578 1
1529 1580 1
1531 1480 1
1531 1481 1
1531 1482 1
1531 1532 1
1531 1580 1
1531 1582 1
1532 1481 1
1532 1482 1
1532 1483 1
1532 1531 1
1532 1582 1
1535 1484 1
1535 1485 1
1535 1486 1
1535 1536 1
1535 1585 1
1535 1586 1
1536 1485 1
1536 1486 1
1536 1487 1
1536 1535 1
1536 1537 1
1536 1585 1
1536 1586 1
1536 1587 1
1537 1486 1
1537 1487 1
1537 1488 1
1537 1536 1
1537 1538 1
1537 1586 1
1537 1587 1
1537 1588 1
1538 1487 1
1538 1488 1
1538 1489 1
1538 1537 1
1538 1539 1
1538 1587 1
1538 1588 1
1538 1589 1
1539 1488 1
1539 1489 1
1539 1490 1
1539 1538 1
1539 1540 1
1539 1588 1
1539 1589 1
1539 1590 1
1540 1489 1
1540 1490 1
1540 1491 1
1540 1539 1
1540 1589 1
1540 1590 1
1542 1491 1
1542 1492 1
1542 1493 1
1542 1543 1
1542 1593 1
1543 1492 1
1543 1493 1
1543 1542 1
1543 1544 1
1543 1593 1
1544 1493 1
1544 1495 1
1544 1543 1
1544 1545 1
1544 1593 1
1544 1595 1
1545 1495 1
1545 1496 1
1545 1544 1
1545 1546 1
1545 1595 1
1545 1596 1
1546 1495 1
1546 1496 1
1546 1545 1
1546 1547 1
1546 1595 1
1546 1596 1
1546 1597 1
1547 1496 1
1547 1498 1
1547 1546 1
1547 1548 1
1547 1596 1
1547 1597 1
1547 1598 1
1548 1498 1
1548 1499 1
1548 1547 1
1548 1549 1
1548 1597 1
1548 1598 1
1549 1498 1
1549 1499 1
1549 1548 1
1549 1598 1
1550 1500 1
1550 1551 1
1550 1600 1
1550 1601 1
1551 1500 1
1551 1502 1
1551 1550 1
1551 1552 1
1551 1600 1
1551 1601 1
1552 1502 1
1552 1551 1
1552 1553 1
1552 1601 1
1552 1603 1
1553 1502 1
1553 1552 1
1553 1554 1
1553 1603 1
1553 1604 1
1554 1505 1
1554 1553 1
1554 1555 1
1554 1603 1
1554 1604 1
1554 1605 1
1555 1505 1
1555 1554 1
1555 1604 1
1555 1605 1
1558 1507 1
1558 1508 1
1558 1509 1
1558 1559 1
1558 1608 1
1558 1609 1
1559 1508 1
1559 1509 1
1559 1558 1
1559 1560 1
1559 1608 1
1559 1609 1
1559 1610 1
1560 1509 1
1560 1511 1
1560 1559 1
1560 1609 1
1560 1610 1
1562 1511 1
1562 1612 1
1562 1613 1
1564 1514 1
1564 1515 1
1564 1565 1
1564 1613 1
1564 1614 1
1564 1615 1
1565 1514 1
1565 1515 1
1565 1564 1
1565 1614 1
1565 1615 1
1569 1518 1
1569 1520 1
1569 1570 1
1569 1618 1
1569 1619 1
1570 1520 1
1570 1569 1
1570 1571 1
1570 1619 1
1570 1621 1
1571 1520 1
1571 1522 1
1571 1570 1
1571 1572 1
1571 1621 1
1571 1622 1
1572 1522 1
1572 1571 1
1572 1573 1
1572 1621 1
1572 1622 1
1572 1623 1
1573 1522 1
1573 1572 1
1573 1622 1
1573 1623 1
1575 1525 1
1575 1526 1
1575 1576 1
1576 1525 1
1576 1526 1
1576 1527 1
1576 1575 1
1576 1577 1
1576 1627 1
1577 1526 1
1577 1527 1
1577 1576 1
1577 1578 1
1577 1627 1
1577 1628 1
1578 1527 1
1578 1529 1
1578 1577 1
1578 1627 1
1578 1628 1
1580 1529 1
1580 1531 1
1580 1630 1
1582 1531 1
1582 1532 1
1585 1535 1
1585 1536 1
1585 1586 1
1585 1634 1
1585 1635 1
1586 1535 1
1586 1536 1
1586 1537 1
1586 1585 1
1586 1587 1
1586 1635 1
1587 1536 1
1587 1537 1
1587 1538 1
1587 1586 1
1587 1588 1
1588 1537 1
1588 1538 1
1588 1539 1
1588 1587 1
1588 1589 1
1588 1639 1
1589 1538 1
1589 1539 1
1589 1540 1
1589 1588 1
1589 1590 1
1589 1639 1
1589 1640 1
1590 1539 1
1590 1540 1
1590 1589 1
1590 1639 1
1590 1640 1
1593 1542 1
1593 1543 1
1593 1544 1
1593 1642 1
1595 1544 1
1595 1545 1
1595 1546 1
1595 1596 1
1595 1646 1
1596 1545 1
1596 1546 1
1596 1547 1
1596 1595 1
1596 1597 1
1596 1646 1
1596 1647 1
1597 1546 1
1597 1547 1
1597 1548 1
1597 1596 1
1597 1598 1
1597 1646 1
1597 1647 1
1597 1648 1
1598 1547 1
1598 1548 1
1598 1549 1
1598 1597 1
1598 1647 1
1598 1648 1
1598 1649 1
1600 1550 1
1600 1551 1
1600 1601 1
1600 1650 1
1601 1550 1
1601 1551 1
1601 1552 1
1601 1600 1
1601 1650 1
1601 1652 1
1603 1552 1
1603 1553 1
1603 1554 1
1603 1604 1
1603 1652 1
1603 1653 1
1604 1553 1
1604 1554 1
1604 1555 1
1604 1603 1
1604 1605 1
1604 1653 1
1605 1554 1
1605 1555 1
1605 1604 1
1605 1656 1
1608 1558 1
1608 1559 1
1608 1609 1
1608 1657 1
1608 1658 1
1609 1558 1
1609 1559 1
1609 1560 1
1609 1608 1
1609 1610 1
1609 1658 1
1610 1559 1
1610 1560 1
1610 1609 1
1610 1661 1
1612 1562 1
1612 1613 1
1612 1661 1
1612 1663 1
1613 1562 1
1613 1564 1
1613 1612 1
1613 1614 1
1613 1663 1
1614 1564 1
1614 1565 1
1614 1613 1
1614 1615 1
1614 1663 1
1614 1665 1
1615 1564 1
1615 1565 1
1615 1614 1
1615 1665 1
1615 1666 1
1618 1569 1
1618 1619 1
1618 1668 1
1619 1569 1
1619 1570 1
1619 1618 1
1619 1668 1
1619 1670 1
1621 1570 1
1621 1571 1
1621 1572 1
1621 1622 1
1621 1670 1
1621 1671 1
1621 1672 1
1622 1571 1
1622 1572 1
1622 1573 1
1622 1621 1
1622 1623 1
1622 1671 1
1622 1672 1
1622 1673 1
1623 1572 1
1623 1573 1
1623 1622 1
1623 1672 1
1623 1673 1
1627 1576 1
1627 1577 1
1627 1578 1
1627 1628 1
1627 1676 1
1627 1678 1
1628 1577 1
1628 1578 1
1628 1627 1
1628 1678 1
1628 1679 1
1630 1580 1
1630 1679 1
1630 1681 1
1634 1585 1
1634 1635 1
1634 1684 1
1634 1685 1
1635 1585 1
1635 1586 1
1635 1634 1
1635 1684 1
1635 1685 1
1635 1686 1
1639 1588 1
1639 1589 1
1639 1590 1
1639 1640 1
1639 1688 1
1639 1689 1
1639 1690 1
1640 1589 1
1640 1590 1
1640 1639 1
1640 1689 1
1640 1690 1
1640 1691 1
1642 1593 1
1642 1691 1
1642 1693 1
1646 1595 1
1646 1596 1
1646 1597 1
1646 1647 1
1646 1695 1
1646 1696 1
1646 1697 1
1647 1596 1
1647 1597 1
1647 1598 1
1647 1646 1
1647 1648 1
1647 1696 1
1647 1697 1
1647 1698 1
1648 1597 1
1648 1598 1
1648 1647 1
1648 1649 1
1648 1697 1
1648 1698 1
1649 1598 1
1649 1648 1
1649 1698 1
1650 1600 1
1650 1601 1
1650 1700 1
1650 1701 1
1652 1601 1
1652 1603 1
1652 1653 1
1652 1701 1
1652 1702 1
1653 1603 1
1653 1604 1
1653 1652 1
1653 1702 1
1653 1704 1
1656 1605 1
1656 1657 1
1656 1705 1
1656 1706 1
1657 1608 1
1657 1656 1
1657 1658 1
1657 1706 1
1657 1708 1
1658 1608 1
1658 1609 1
1658 1657 1
1658 1708 1
1661 1610 1
1661 1612 1
1661 1710 1
1661 1711 1
1663 1612 1
1663 1613 1
1663 1614 1
1663 1714 1
1665 1614 1
1665 1615 1
1665 1666 1
1665 1714 1
1665 1715 1
1665 1716 1
1666 1615 1
1666 1665 1
1666 1715 1
1666 1716 1
1666 1717 1
1668 1618 1
1668 1619 1
1668 1717 1
1668 1718 1
1670 1619 1
1670 1621 1
1670 1671 1
1671 1621 1
1671 1622 1
1671 1670 1
1671 1672 1
1671 1722 1
1672 1621 1
1672 1622 1
1672 1623 1
1672 1671 1
1672 1673 1
1672 1722 1
1672 1723 1
1673 1622 1
1673 1623 1
1673 1672 1
1673 1722 1
1673 1723 1
1673 1724 1
1675 1676 1
1675 1724 1
1675 1725 1
1676 1627 1
1676 1675 1
1676 1725 1
1678 1627 1
1678 1628 1
1678 1679 1
1678 1728 1
1678 1729 1
1679 1628 1
1679 1630 1
1679 1678 1
1679 1728 1
1679 1729 1
1681 1630 1
1681 1731 1
1681 1732 1
1684 1634 1
1684 1635 1
1684 1685 1
1684 1733 1
1684 1734 1
1684 1735 1
1685 1634 1
1685 1635 1
1685 1684 1
1685 1686 1
1685 1734 1
1685 1735 1
1686 1635 1
1686 1685 1
1686 1687 1
1686 1735 1
1686 1737 1
1687 1686 1
1687 1688 1
1687 1737 1
1688 1639 1
1688 1687 1
1688 1689 1
1688 1737 1
1688 1739 1
1689 1639 1
1689 1640 1
1689 1688 1
1689 1690 1
1689 1739 1
1689 1740 1
1690 1639 1
1690 1640 1
1690 1689 1
1690 1691 1
1690 1739 1
1690 1740 1
1691 1640 1
1691 1642 1
1691 1690 1
1691 1740 1
1693 1642 1
1693 1694 1
1693 1743 1
1694 1693 1
1694 1695 1
1694 1743 1
1694 1745 1
1695 1646 1
1695 1694 1
1695 1696 1
1695 1745 1
1695 1746 1
1696 1646 1
1696 1647 1
1696 1695 1
1696 1697 1
1696 1745 1
1696 1746 1
1696 1747 1
1697 1646 1
1697 1647 1
1697 1648 1
1697 1696 1
1697 1698 1
1697 1746 1
1697 1747 1
1697 1748 1
1698 1647 1
1698 1648 1
1698 1649 1
1698 1697 1
1698 1747 1
1698 1748 1
1698 1749 1
1700 1650 1
1700 1701 1
1700 1750 1
1700 1751 1
1701 1650 1
1701 1652 1
1701 1700 1
1701 1702 1
1701 1750 1
1701 1751 1
1701 1752 1
1702 1652 1
1702 1653 1
1702 1701 1
1702 1751 1
1702 1752 1
1704 1653 1
1704 1705 1
1705 1656 1
1705 1704 1
1705 1706 1
1705 1756 1
1706 1656 1
1706 1657 1
1706 1705 1
1706 1756 1
1708 1657 1
1708 1658 1
1708 1759 1
1710 1661 1
1710 1711 1
1710 1759 1
1710 1760 1
1710 1761 1
1711 1661 1
1711 1710 1
1711 1760 1
1711 1761 1
1714 1663 1
1714 1665 1
1714 1715 1
1714 1763 1
1715 1665 1
1715 1666 1
1715 1714 1
1715 1716 1
1715 1766 1
1716 1665 1
1716 1666 1
1716 1715 1
1716 1717 1
1716 1766 1
1717 1666 1
1717 1668 1
1717 1716 1
1717 1718 1
1717 1766 1
1718 1668 1
1718 1717 1
1722 1671 1
1722 1672 1
1722 1673 1
1722 1723 1
1722 1771 1
1722 1772 1
1722 1773 1
1723 1672 1
1723 1673 1
1723 1722 1
1723 1724 1
1723 1772 1
1723 1773 1
1723 1774 1
1724 1673 1
1724 1675 1
1724 1723 1
1724 1725 1
1724 1773 1
1724 1774 1
1724 1775 1
1725 1675 1
1725 1676 1
1725 1724 1
1725 1774 1
1725 1775 1
1725 1776 1
1728 1678 1
1728 1679 1
1728 1729 1
1728 1777 1
1729 1678 1
1729 1679 1
1729 1728 1
1731 1681 1
1731 1732 1
1731 1781 1
1731 1782 1
1732 1681 1
1732 1731 1
1732 1733 1
1732 1781 1
1732 1782 1
1732 1783 1
1733 1684 1
1733 1732 1
1733 1734 1
1733 1782 1
1733 1783 1
1733 1784 1
1734 1684 1
1734 1685 1
1734 1733 1
1734 1735 1
1734 1783 1
1734 1784 1
1735 1684 1
1735 1685 1
1735 1686 1
1735 1734 1
1735 1784 1
1735 1786 1
1737 1686 1
1737 1687 1
1737 1688 1
1737 1786 1
1737 1787 1
1737 1788 1
1739 1688 1
1739 1689 1
1739 1690 1
1739 1740 1
1739 1788 1
1739 1790 1
1740 1689 1
1740 1690 1
1740 1691 1
1740 1739 1
1740 1790 1
1743 1693 1
1743 1694 1
1743 1792 1
1743 1793 1
1745 1694 1
1745 1695 1
1745 1696 1
1745 1746 1
1746 1695 1
1746 1696 1
1746 1697 1
1746 1745 1
1746 1747 1
1746 1797 1
1747 1696 1
1747 1697 1
1747 1698 1
1747 1746 1
1747 1748 1
1747 1797 1
1747 1798 1
1748 1697 1
1748 1698 1
1748 1747 1
1748 1749 1
1748 1797 1
1748 1798 1
1748 1799 1
1749 1698 1
1749 1748 1
1749 1798 1
1749 1799 1
1750 1700 1
1750 1701 1
1750 1751 1
1750 1800 1
1750 1801 1
1751 1700 1
1751 1701 1
1751 1702 1
1751 1750 1
1751 1752 1
1751 1800 1
1751 1801 1
1751 1802 1
1752 1701 1
1752 1702 1
1752 1751 1
1752 1801 1
1752 1802 1
1752 1803 1
1756 1705 1
1756 1706 1
1756 1805 1
1756 1806 1
1756 1807 1
1759 1708 1
1759 1710 1
1759 1760 1
1759 1810 1
1760 1710 1
1760 1711 1
1760 1759 1
1760 1761 1
1760 1810 1
1760 1811 1
1761 1710 1
1761 1711 1
1761 1760 1
1761 1810 1
1761 1811 1
1761 1812 1
1763 1714 1
1763 1812 1
1763 1813 1
1763 1814 1
1766 1715 1
1766 1716 1
1766 1717 1
1766 1817 1
1770 1771 1
1770 1819 1
1771 1722 1
1771 1770 1
1771 1772 1
1771 1822 1
1772 1722 1
1772 1723 1
1772 1771 1
1772 1773 1
1772 1822 1
1772 1823 1
1773 1722 1
1773 1723 1
1773 1724 1
1773 1772 1
1773 1774 1
1773 1822 1
1773 1823 1
1773 1824 1
1774 1723 1
1774 1724 1
1774 1725 1
1774 1773 1
1774 1775 1
1774 1823 1
1774 1824 1
1775 1724 1
1775 1725 1
1775 1774 1
1775 1776 1
1775 1824 1
1776 1725 1
1776 1775 1
1776 1777 1
1777 1728 1
1777 1776 1
1777 1828 1
1781 1731 1
1781 1732 1
1781 1782 1
1781 1830 1
1781 1831 1
1782 1731 1
1782 1732 1
1782 1733 1
1782 1781 1
1782 1783 1
1782 1831 1
1783 1732 1
1783 1733 1
1783 1734 1
1783 1782 1
1783 1784 1
1783 1834 1
1784 1733 1
1784 1734 1
1784 1735 1
1784 1783 1
1784 1834 1
1786 1735 1
1786 1737 1
1786 1787 1
1786 1836 1
1786 1837 1
1787 1737 1
1787 1786 1
1787 1788 1
1787 1836 1
1787 1837 1
1787 1838 1
1788 1737 1
1788 1739 1
1788 1787 1
1788 1837 1
1788 1838 1
1788 1839 1
1790 1739 1
1790 1740 1
1790 1839 1
1790 1840 1
1792 1743 1
1792 1793 1
1792 1842 1
1792 1843 1
1793 1743 1
1793 1792 1
1793 1842 1
1793 1843 1
1797 1746 1
1797 1747 1
1797 1748 1
1797 1798 1
1797 1846 1
1797 1847 1
1797 1848 1
1798 1747 1
1798 1748 1
1798 1749 1
1798 1797 1
1798 1799 1
1798 1847 1
1798 1848 1
1798 1849 1
1799 1748 1
1799 1749 1
1799 1798 1
1799 1848 1
1799 1849 1
1800 1750 1
1800 1751 1
1800 1801 1
1800 1851 1
1801 1750 1
1801 1751 1
1801 1752 1
1801 1800 1
1801 1802 1
1801 1851 1
1801 1852 1
1802 1751 1
1802 1752 1
1802 1801 1
1802 1803 1
1802 1851 1
1802 1852 1
1803 1752 1
1803 1802 1
1803 1852 1
1803 1854 1
1805 1756 1
1805 1806 1
1805 1854 1
1805 1855 1
1805 1856 1
1806 1756 1
1806 1805 1
1806 1807 1
1806 1855 1
1806 1856 1
1806 1857 1
1807 1756 1
1807 1806 1
1807 1856 1
1807 1857 1
1810 1759 1
1810 1760 1
1810 1761 1
1810 1811 1
1810 1860 1
1810 1861 1
1811 1760 1
1811 1761 1
1811 1810 1
1811 1812 1
1811 1860 1
1811 1861 1
1811 1862 1
1812 1761 1
1812 1763 1
1812 1811 1
1812 1813 1
1812 1861 1
1812 1862 1
1813 1763 1
1813 1812 1
1813 1814 1
1813 1862 1
1813 1864 1
1814 1763 1
1814 1813 1
1814 1864 1
1814 1865 1
1817 1766 1
1817 1818 1
1817 1866 1
1817 1867 1
1818 1817 1
1818 1819 1
1818 1867 1
1819 1770 1
1819 1818 1
1822 1771 1
1822 1772 1
1822 1773 1
1822 1823 1
1822 1871 1
1822 1872 1
1822 1873 1
1823 1772 1
1823 1773 1
1823 1774 1
1823 1822 1
1823 1824 1
1823 1872 1
1823 1873 1
1823 1874 1
1824 1773 1
1824 1774 1
1824 1775 1
1824 1823 1
1824 1873 1
1824 1874 1
1828 1777 1
1828 1829 1
1828 1879 1
1829 1828 1
1829 1830 1
1829 1879 1
1829 1880 1
1830 1781 1
1830 1829 1
1830 1831 1
1830 1879 1
1830 1880 1
1830 1881 1
1831 1781 1
1831 1782 1
1831 1830 1
1831 1880 1
1831 1881 1
1834 1783 1
1834 1784 1
1834 1883 1
1834 1885 1
1836 1786 1
1836 1787 1
1836 1837 1
1836 1885 1
1836 1886 1
1836 1887 1
1837 1786 1
1837 1787 1
1837 1788 1
1837 1836 1
1837 1838 1
1837 1886 1
1837 1887 1
1838 1787 1
1838 1788 1
1838 1837 1
1838 1839 1
1838 1887 1
1838 1889 1
1839 1788 1
1839 1790 1
1839 1838 1
1839 1840 1
1839 1889 1
1839 1890 1
1840 1790 1
1840 1839 1
1840 1889 1
1840 1890 1
1842 1792 1
1842 1793 1
1842 1843 1
1842 1892 1
1843 1792 1
1843 1793 1
1843 1842 1
1843 1892 1
1843 1894 1
1845 1846 1
1845 1894 1
1845 1895 1
1845 1896 1
1846 1797 1
1846 1845 1
1846 1847 1
1846 1895 1
1846 1896 1
1846 1897 1
1847 1797 1
1847 1798 1
1847 1846 1
1847 1848 1
1847 1896 1
1847 1897 1
1847 1898 1
1848 1797 1
1848 1798 1
1848 1799 1
1848 1847 1
1848 1849 1
1848 1897 1
1848 1898 1
1848 1899 1
1849 1798 1
1849 1799 1
1849 1848 1
1849 1898 1
1849 1899 1
1851 1800 1
1851 1801 1
1851 1802 1
1851 1852 1
1852 1801 1
1852 1802 1
1852 1803 1
1852 1851 1
1852 1903 1
1854 1803 1
1854 1805 1
1854 1855 1
1854 1903 1
1854 1904 1
1854 1905 1
1855 1805 1
1855 1806 1
1855 1854 1
1855 1856 1
1855 1904 1
1855 1905 1
1855 1906 1
1856 1805 1
1856 1806 1
1856 1807 1
1856 1855 1
1856 1857 1
1856 1905 1
1856 1906 1
1856 1907 1
1857 1806 1
1857 1807 1
1857 1856 1
1857 1906 1
1857 1907 1
1857 1908 1
1860 1810 1
1860 1811 1
1860 1861 1
1860 1909 1
1861 1810 1
1861 1811 1
1861 1812 1
1861 1860 1
1861 1862 1
1861 1912 1
1862 1811 1
1862 1812 1
1862 1813 1
1862 1861 1
1862 1912 1
1862 1913 1
1864 1813 1
1864 1814 1
1864 1865 1
1864 1913 1
1864 1915 1
1865 1814 1
1865 1864 1
1865 1866 1
1865 1915 1
1865 1916 1
1866 1817 1
1866 1865 1
1866 1867 1
1866 1915 1
1866 1916 1
1866 1917 1
1867 1817 1
1867 1818 1
1867 1866 1
1867 1916 1
1867 1917 1
1871 1822 1
1871 1872 1
1871 1920 1
1871 1921 1
1871 1922 1
1872 1822 1
1872 1823 1
1872 1871 1
1872 1873 1
1872 1921 1
1872 1922 1
1872 1923 1
1873 1822 1
1873 1823 1
1873 1824 1
1873 1872 1
1873 1874 1
1873 1922 1
1873 1923 1
1873 1924 1
1874 1823 1
1874 1824 1
1874 1873 1
1874 1923 1
1874 1924 1
1874 1925 1
1876 1925 1
1876 1926 1
1876 1927 1
1879 1828 1
1879 1829 1
1879 1830 1
1879 1880 1
1879 1929 1
1880 1829 1
1880 1830 1
1880 1831 1
1880 1879 1
1880 1881 1
1880 1929 1
1881 1830 1
1881 1831 1
1881 1880 1
1883 1834 1
1883 1933 1
1883 1934 1
1885 1834 1
1885 1836 1
1885 1886 1
1885 1934 1
1885 1935 1
1885 1936 1
1886 1836 1
1886 1837 1
1886 1885 1
1886 1887 1
1886 1935 1
1886 1936 1
1886 1937 1
1887 1836 1
1887 1837 1
1887 1838 1
1887 1886 1
1887 1936 1
1887 1937 1
1889 1838 1
1889 1839 1
1889 1840 1
1889 1890 1
1889 1939 1
1890 1839 1
1890 1840 1
1890 1889 1
1890 1939 1
1890 1941 1
1892 1842 1
1892 1843 1
1892 1941 1
1894 1843 1
1894 1845 1
1894 1895 1
1894 1944 1
1894 1945 1
1895 1845 1
1895 1846 1
1895 1894 1
1895 1896 1
1895 1944 1
1895 1945 1
1895 1946 1
1896 1845 1
1896 1846 1
1896 1847 1
1896 1895 1
1896 1897 1
1896 1945 1
1896 1946 1
1896 1947 1
1897 1846 1
1897 1847 1
1897 1848 1
1897 1896 1
1897 1898 1
1897 1946 1
1897 1947 1
1898 1847 1
1898 1848 1
1898 1849 1
1898 1897 1
1898 1899 1
1898 1947 1
1899 1848 1
1899 1849 1
1899 1898 1
1903 1852 1
1903 1854 1
1903 1904 1
1903 1952 1
1903 1953 1
1903 1954 1
1904 1854 1
1904 1855 1
1904 1903 1
1904 1905 1
1904 1953 1
1904 1954 1
1904 1955 1
1905 1854 1
1905 1855 1
1905 1856 1
1905 1904 1
1905 1906 1
1905 1954 1
1905 1955 1
1905 1956 1
1906 1855 1
1906 1856 1
1906 1857 1
1906 1905 1
1906 1907 1
1906 1955 1
1906 1956 1
1907 1856 1
1907 1857 1
1907 1906 1
1907 1908 1
1907 1956 1
1907 1958 1
1908 1857 1
1908 1907 1
1908 1909 1
1908 1958 1
1908 1959 1
1909 1860 1
1909 1908 1
1909 1958 1
1909 1959 1
1909 1960 1
1912 1861 1
1912 1862 1
1912 1913 1
1912 1961 1
1912 1962 1
1913 1862 1
1913 1864 1
1913 1912 1
1913 1962 1
1913 1964 1
1915 1864 1
1915 1865 1
1915 1866 1
1915 1916 1
1915 1964 1
1915 1965 1
1915 1966 1
1916 1865 1
1916 1866 1
1916 1867 1
1916 1915 1
1916 1917 1
1916 1965 1
1916 1966 1
1916 1967 1
1917 1866 1
1917 1867 1
1917 1916 1
1917 1966 1
1917 1967 1
1919 1920 1
1919 1970 1
1920 1871 1
1920 1919 1
1920 1921 1
1920 1970 1
1920 1971 1
1921 1871 1
1921 1872 1
1921 1920 1
1921 1922 1
1921 1970 1
1921 1971 1
1921 1972 1
1922 1871 1
1922 1872 1
1922 1873 1
1922 1921 1
1922 1923 1
1922 1971 1
1922 1972 1
1922 1973 1
1923 1872 1
1923 1873 1
1923 1874 1
1923 1922 1
1923 1924 1
1923 1972 1
1923 1973 1
1924 1873 1
1924 1874 1
1924 1923 1
1924 1925 1
1924 1973 1
1924 1975 1
1925 1874 1
1925 1876 1
1925 1924 1
1925 1926 1
1925 1975 1
1925 1976 1
1926 1876 1
1926 1925 1
1926 1927 1
1926 1975 1
1926 1976 1
1927 1876 1
1927 1926 1
1927 1976 1
1927 1978 1
1929 1879 1
1929 1880 1
1929 1978 1
1929 1980 1
1933 1883 1
1933 1934 1
1933 1983 1
1933 1984 1
1934 1883 1
1934 1885 1
1934 1933 1
1934 1935 1
1934 1983 1
1934 1984 1
1934 1985 1
1935 1885 1
1935 1886 1
1935 1934 1
1935 1936 1
1935 1984 1
1935 1985 1
1935 1986 1
1936 1885 1
1936 1886 1
1936 1887 1
1936 1935 1
1936 1937 1
1936 1985 1
1936 1986 1
1936 1987 1
1937 1886 1
1937 1887 1
1937 1936 1
1937 1986 1
1937 1987 1
1937 1988 1
1939 1889 1
1939 1890 1
1939 1988 1
1939 1990 1
1941 1890 1
1941 1892 1
1941 1990 1
1941 1991 1
1941 1992 1
1944 1894 1
1944 1895 1
1944 1945 1
1944 1993 1
1944 1995 1
1945 1894 1
1945 1895 1
1945 1896 1
1945 1944 1
1945 1946 1
1945 1995 1
1946 1895 1
1946 1896 1
1946 1897 1
1946 1945 1
1946 1947 1
1946 1995 1
1947 1896 1
1947 1897 1
1947 1898 1
1947 1946 1
1947 1998 1
1950 2000 1
1952 1903 1
1952 1953 1
1952 2003 1
1953 1903 1
1953 1904 1
1953 1952 1
1953 1954 1
1953 2003 1
1954 1903 1
1954 1904 1
1954 1905 1
1954 1953 1
1954 1955 1
1954 2003 1
1955 1904 1
1955 1905 1
1955 1906 1
1955 1954 1
1955 1956 1
1955 2006 1
1956 1905 1
1956 1906 1
1956 1907 1
1956 1955 1
1956 2006 1
1956 2007 1
1958 1907 1
1958 1908 1
1958 1909 1
1958 1959 1
1958 2007 1
1958 2008 1
1959 1908 1
1959 1909 1
1959 1958 1
1959 1960 1
1959 2008 1
1960 1909 1
1960 1959 1
1960 1961 1
1960 2011 1
1961 1912 1
1961 1960 1
1961 1962 1
1961 2011 1
1961 2012 1
1962 1912 1
1962 1913 1
1962 1961 1
1962 2011 1
1962 2012 1
1964 1913 1
1964 1915 1
1964 1965 1
1964 2014 1
1964 2015 1
1965 1915 1
1965 1916 1
1965 1964 1
1965 1966 1
1965 2014 1
1965 2015 1
1965 2016 1
1966 1915 1
1966 1916 1
1966 1917 1
1966 1965 1
1966 1967 1
1966 2015 1
1966 2016 1
1966 2017 1
1967 1916 1
1967 1917 1
1967 1966 1
1967 2016 1
1967 2017 1
1967 2018 1
1970 1919 1
1970 1920 1
1970 1921 1
1970 1971 1
1970 2019 1
1970 2020 1
1970 2021 1
1971 1920 1
1971 1921 1
1971 1922 1
1971 1970 1
1971 1972 1
1971 2020 1
1971 2021 1
1972 1921 1
1972 1922 1
1972 1923 1
1972 1971 1
1972 1973 1
1972 2021 1
1973 1922 1
1973 1923 1
1973 1924 1
1973 1972 1
1973 2024 1
1975 1924 1
1975 1925 1
1975 1926 1
1975 1976 1
1975 2024 1
1975 2025 1
1976 1925 1
1976 1926 1
1976 1927 1
1976 1975 1
1976 2025 1
1976 2027 1
1978 1927 1
1978 1929 1
1978 2027 1
1978 2028 1
1978 2029 1
1980 1929 1
1980 2029 1
1980 2030 1
1983 1933 1
1983 1934 1
1983 1984 1
1983 2032 1
1983 2033 1
1984 1933 1
1984 1934 1
1984 1935 1
1984 1983 1
1984 1985 1
1984 2033 1
1984 2035 1
1985 1934 1
1985 1935 1
1985 1936 1
1985 1984 1
1985 1986 1
1985 2035 1
1986 1935 1
1986 1936 1
1986 1937 1
1986 1985 1
1986 1987 1
1986 2035 1
1986 2037 1
1987 1936 1
1987 1937 1
1987 1986 1
1987 1988 1
1987 2037 1
1987 2038 1
1988 1937 1
1988 1939 1
1988 1987 1
1988 2037 1
1988 2038 1
1990 1939 1
1990 1941 1
1990 1991 1
1990 2040 1
1990 2041 1
1991 1941 1
1991 1990 1
1991 1992 1
1991 2040 1
1991 2041 1
1991 2042 1
1992 1941 1
1992 1991 1
1992 1993 1
1992 2041 1
1992 2042 1
1992 2043 1
1993 1944 1
1993 1992 1
1993 2042 1
1993 2043 1
1995 1944 1
1995 1945 1
1995 1946 1
1995 2046 1
1998 1947 1
1998 2047 1
1998 2049 1
2000 1950 1
2000 2050 1
2000 2051 1
2003 1952 1
2003 1953 1
2003 1954 1
2003 2052 1
2003 2053 1
2003 2054 1
2006 1955 1
2006 1956 1
2006 2007 1
2006 2057 1
2007 1956 1
2007 1958 1
2007 2006 1
2007 2008 1
2007 2057 1
2007 2058 1
2008 1958 1
2008 1959 1
2008 2007 1
2008 2057 1
2008 2058 1
2008 2059 1
2011 1960 1
2011 1961 1
2011 1962 1
2011 2012 1
2011 2060 1
2011 2061 1
2012 1961 1
2012 1962 1
2012 2011 1
2012 2061 1
2012 2063 1
2014 1964 1
2014 1965 1
2014 2015 1
2014 2063 1
2014 2064 1
2014 2065 1
2015 1964 1
2015 1965 1
2015 1966 1
2015 2014 1
2015 2016 1
2015 2064 1
2015 2065 1
2016 1965 1
2016 1966 1
2016 1967 1
2016 2015 1
2016 2017 1
2016 2065 1
2017 1966 1
2017 1967 1
2017 2016 1
2017 2018 1
2017 2068 1
2018 1967 1
2018 2017 1
2018 2019 1
2018 2068 1
2018 2069 1
2019 1970 1
2019 2018 1
2019 2020 1
2019 2068 1
2019 2069 1
2019 2070 1
2020 1970 1
2020 1971 1
2020 2019 1
2020 2021 1
2020 2069 1
2020 2070 1
2020 2071 1
2021 1970 1
2021 1971 1
2021 1972 1
2021 2020 1
2021 2070 1
2021 2071 1
2021 2072 1
2024 1973 1
2024 1975 1
2024 2025 1
2024 2074 1
2024 2075 1
2025 1975 1
2025 1976 1
2025 2024 1
2025 2074 1
2025 2075 1
2025 2076 1
2027 1976 1
2027 1978 1
2027 2028 1
2027 2076 1
2027 2078 1
2028 1978 1
2028 2027 1
2028 2029 1
2028 2078 1
2029 1978 1
2029 1980 1
2029 2028 1
2029 2030 1
2029 2078 1
2030 1980 1
2030 2029 1
2030 2081 1
2032 1983 1
2032 2033 1
2032 2081 1
2032 2082 1
2032 2083 1
2033 1983 1
2033 1984 1
2033 2032 1
2033 2082 1
2033 2083 1
2033 2084 1
2035 1984 1
2035 1985 1
2035 1986 1
2035 2084 1
2035 2085 1
2035 2086 1
2037 1986 1
2037 1987 1
2037 1988 1
2037 2038 1
2037 2086 1
2037 2087 1
2037 2088 1
2038 1987 1
2038 1988 1
2038 2037 1
2038 2087 1
2038 2088 1
2040 1990 1
2040 1991 1
2040 2041 1
2040 2090 1
2040 2091 1
2041 1990 1
2041 1991 1
2041 1992 1
2041 2040 1
2041 2042 1
2041 2090 1
2041 2091 1
2041 2092 1
2042 1991 1
2042 1992 1
2042 1993 1
2042 2041 1
2042 2043 1
2042 2091 1
2042 2092 1
2043 1992 1
2043 1993 1
2043 2042 1
2043 2092 1
2043 2094 1
2046 1995 1
2046 2047 1
2046 2095 1
2046 2096 1
2047 1998 1
2047 2046 1
2047 2096 1
2047 2098 1
2049 1998 1
2049 2098 1
2050 2000 1
2050 2051 1
2051 2000 1
2051 2050 1
2051 2052 1
2052 2003 1
2052 2051 1
2052 2053 1
2053 2003 1
2053 2052 1
2053 2054 1
2053 2104 1
2054 2003 1
2054 2053 1
2054 2104 1
2054 2105 1
2057 2006 1
2057 2007 1
2057 2008 1
2057 2058 1
2057 2106 1
2057 2107 1
2057 2108 1
2058 2007 1
2058 2008 1
2058 2057 1
2058 2059 1
2058 2107 1
2058 2108 1
2059 2008 1
2059 2058 1
2059 2060 1
2059 2108 1
2059 2110 1
2060 2011 1
2060 2059 1
2060 2061 1
2060 2110 1
2061 2011 1
2061 2012 1
2061 2060 1
2061 2110 1
2061 2112 1
2063 2012 1
2063 2014 1
2063 2064 1
2063 2112 1
2063 2114 1
2064 2014 1
2064 2015 1
2064 2063 1
2064 2065 1
2064 2114 1
2064 2115 1
2065 2014 1
2065 2015 1
2065 2016 1
2065 2064 1
2065 2114 1
2065 2115 1
2068 2017 1
2068 2018 1
2068 2019 1
2068 2069 1
2068 2118 1
2069 2018 1
2069 2019 1
2069 2020 1
2069 2068 1
2069 2070 1
2069 2118 1
2069 2120 1
2070 2019 1
2070 2020 1
2070 2021 1
2070 2069 1
2070 2071 1
2070 2120 1
2070 2121 1
2071 2020 1
2071 2021 1
2071 2070 1
2071 2072 1
2071 2120 1
2071 2121 1
2072 2021 1
2072 2071 1
2072 2121 1
2072 2123 1
2074 2024 1
2074 2025 1
2074 2075 1
2074 2123 1
2074 2124 1
2074 2125 1
2075 2024 1
2075 2025 1
2075 2074 1
2075 2076 1
2075 2124 1
2075 2125 1
2075 2126 1
2076 2025 1
2076 2027 1
2076 2075 1
2076 2125 1
2076 2126 1
2076 2127 1
2078 2027 1
2078 2028 1
2078 2029 1
2078 2127 1
2078 2128 1
2081 2030 1
2081 2032 1
2081 2082 1
2081 2130 1
2082 2032 1
2082 2033 1
2082 2081 1
2082 2083 1
2082 2133 1
2083 2032 1
2083 2033 1
2083 2082 1
2083 2084 1
2083 2133 1
2083 2134 1
2084 2033 1
2084 2035 1
2084 2083 1
2084 2085 1
2084 2133 1
2084 2134 1
2084 2135 1
2085 2035 1
2085 2084 1
2085 2086 1
2085 2134 1
2085 2135 1
2085 2136 1
2086 2035 1
2086 2037 1
2086 2085 1
2086 2087 1
2086 2135 1
2086 2136 1
2087 2037 1
2087 2038 1
2087 2086 1
2087 2088 1
2087 2136 1
2087 2138 1
2088 2037 1
2088 2038 1
2088 2087 1
2088 2138 1
2090 2040 1
2090 2041 1
2090 2091 1
2091 2040 1
2091 2041 1
2091 2042 1
2091 2090 1
2091 2092 1
2091 2142 1
2092 2041 1
2092 2042 1
2092 2043 1
2092 2091 1
2092 2142 1
2092 2143 1
2094 2043 1
2094 2095 1
2094 2143 1
2095 2046 1
2095 2094 1
2095 2096 1
2096 2046 1
2096 2047 1
2096 2095 1
2098 2047 1
2098 2049 1
2098 2148 1
2104 2053 1
2104 2054 1
2104 2105 1
2105 2054 1
2105 2104 1
2105 2106 1
2105 2156 1
2106 2057 1
2106 2105 1
2106 2107 1
2106 2156 1
2106 2157 1
2107 2057 1
2107 2058 1
2107 2106 1
2107 2108 1
2107 2156 1
2107 2157 1
2107 2158 1
2108 2057 1
2108 2058 1
2108 2059 1
2108 2107 1
2108 2157 1
2108 2158 1
2108 2159 1
2110 2059 1
2110 2060 1
2110 2061 1
2110 2159 1
2110 2160 1
2110 2161 1
2112 2061 1
2112 2063 1
2112 2161 1
2112 2163 1
2114 2063 1
2114 2064 1
2114 2065 1
2114 2115 1
2114 2163 1
2114 2164 1
2114 2165 1
2115 2064 1
2115 2065 1
2115 2114 1
2115 2164 1
2115 2165 1
2115 2166 1
2118 2068 1
2118 2069 1
2118 2168 1
2120 2069 1
2120 2070 1
2120 2071 1
2120 2121 1
2120 2170 1
2120 2171 1
2121 2070 1
2121 2071 1
2121 2072 1
2121 2120 1
2121 2170 1
2121 2171 1
2123 2072 1
2123 2074 1
2123 2124 1
2123 2173 1
2123 2174 1
2124 2074 1
2124 2075 1
2124 2123 1
2124 2125 1
2124 2173 1
2124 2174 1
2124 2175 1
2125 2074 1
2125 2075 1
2125 2076 1
2125 2124 1
2125 2126 1
2125 2174 1
2125 2175 1
2126 2075 1
2126 2076 1
2126 2125 1
2126 2127 1
2126 2175 1
2126 2177 1
2127 2076 1
2127 2078 1
2127 2126 1
2127 2128 1
2127 2177 1
2128 2078 1
2128 2127 1
2128 2177 1
2128 2179 1
2130 2081 1
2130 2179 1
2130 2180 1
2133 2082 1
2133 2083 1
2133 2084 1
2133 2134 1
2133 2182 1
2133 2183 1
2133 2184 1
2134 2083 1
2134 2084 1
2134 2085 1
2134 2133 1
2134 2135 1
2134 2183 1
2134 2184 1
2135 2084 1
2135 2085 1
2135 2086 1
2135 2134 1
2135 2136 1
2135 2184 1
2136 2085 1
2136 2086 1
2136 2087 1
2136 2135 1
2138 2087 1
2138 2088 1
2138 2188 1
2138 2189 1
2142 2091 1
2142 2092 1
2142 2143 1
2142 2191 1
2142 2193 1
2143 2092 1
2143 2094 1
2143 2142 1
2143 2193 1
2143 2194 1
2148 2098 1
2148 2198 1
2151 2152 1
2151 2200 1
2151 2201 1
2151 2202 1
2152 2151 1
2152 2201 1
2152 2202 1
2156 2105 1
2156 2106 1
2156 2107 1
2156 2157 1
2156 2205 1
2156 2206 1
2156 2207 1
2157 2106 1
2157 2107 1
2157 2108 1
2157 2156 1
2157 2158 1
2157 2206 1
2157 2207 1
2157 2208 1
2158 2107 1
2158 2108 1
2158 2157 1
2158 2159 1
2158 2207 1
2158 2208 1
2158 2209 1
2159 2108 1
2159 2110 1
2159 2158 1
2159 2160 1
2159 2208 1
2159 2209 1
2159 2210 1
2160 2110 1
2160 2159 1
2160 2161 1
2160 2209 1
2160 2210 1
2160 2211 1
2161 2110 1
2161 2112 1
2161 2160 1
2161 2210 1
2161 2211 1
2161 2212 1
2163 2112 1
2163 2114 1
2163 2164 1
2163 2212 1
2163 2213 1
2163 2214 1
2164 2114 1
2164 2115 1
2164 2163 1
2164 2165 1
2164 2213 1
2164 2214 1
2165 2114 1
2165 2115 1
2165 2164 1
2165 2166 1
2165 2214 1
2165 2216 1
2166 2115 1
2166 2165 1
2166 2216 1
2168 2118 1
2168 2219 1
2170 2120 1
2170 2121 1
2170 2171 1
2170 2219 1
2170 2220 1
2170 2221 1
2171 2120 1
2171 2121 1
2171 2170 1
2171 2220 1
2171 2221 1
2171 2222 1
2173 2123 1
2173 2124 1
2173 2174 1
2173 2222 1
2173 2223 1
2174 2123 1
2174 2124 1
2174 2125 1
2174 2173 1
2174 2175 1
2174 2223 1
2174 2225 1
2175 2124 1
2175 2125 1
2175 2126 1
2175 2174 1
2175 2225 1
2175 2226 1
2177 2126 1
2177 2127 1
2177 2128 1
2177 2226 1
2177 2227 1
2179 2128 1
2179 2130 1
2179 2180 1
2179 2230 1
2180 2130 1
2180 2179 1
2180 2230 1
2182 2133 1
2182 2183 1
2182 2232 1
2183 2133 1
2183 2134 1
2183 2182 1
2183 2184 1
2183 2232 1
2183 2234 1
2184 2133 1
2184 2134 1
2184 2135 1
2184 2183 1
2184 2234 1
2184 2235 1
2188 2138 1
2188 2189 1
2188 2239 1
2189 2138 1
2189 2188 1
2189 2190 1
2189 2239 1
2189 2240 1
2190 2189 1
2190 2191 1
2190 2239 1
2190 2240 1
2190 2241 1
2191 2142 1
2191 2190 1
2191 2240 1
2191 2241 1
2193 2142 1
2193 2143 1
2193 2194 1
2193 2243 1
2193 2244 1
2194 2143 1
2194 2193 1
2194 2243 1
2194 2244 1
2194 2245 1
2196 2245 1
2196 2246 1
2196 2247 1
2198 2148 1
2198 2247 1
2198 2248 1
2198 2249 1
2200 2151 1
2200 2201 1
2200 2250 1
2201 2151 1
2201 2152 1
2201 2200 1
2201 2202 1
2201 2250 1
2202 2151 1
2202 2152 1
2202 2201 1
2205 2156 1
2205 2206 1
2205 2254 1
2205 2255 1
2205 2256 1
2206 2156 1
2206 2157 1
2206 2205 1
2206 2207 1
2206 2255 1
2206 2256 1
2206 2257 1
2207 2156 1
2207 2157 1
2207 2158 1
2207 2206 1
2207 2208 1
2207 2256 1
2207 2257 1
2207 2258 1
2208 2157 1
2208 2158 1
2208 2159 1
2208 2207 1
2208 2209 1
2208 2257 1
2208 2258 1
2208 2259 1
2209 2158 1
2209 2159 1
2209 2160 1
2209 2208 1
2209 2210 1
2209 2258 1
2209 2259 1
2209 2260 1
2210 2159 1
2210 2160 1
2210 2161 1
2210 2209 1
2210 2211 1
2210 2259 1
2210 2260 1
2211 2160 1
2211 2161 1
2211 2210 1
2211 2212 1
2211 2260 1
2212 2161 1
2212 2163 1
2212 2211 1
2212 2213 1
2213 2163 1
2213 2164 1
2213 2212 1
2213 2214 1
2213 2264 1
2214 2163 1
2214 2164 1
2214 2165 1
2214 2213 1
2214 2264 1
2214 2265 1
2216 2165 1
2216 2166 1
2216 2265 1
2216 2266 1
2216 2267 1
2219 2168 1
2219 2170 1
2219 2220 1
2219 2270 1
2220 2170 1
2220 2171 1
2220 2219 1
2220 2221 1
2220 2270 1
2221 2170 1
2221 2171 1
2221 2220 1
2221 2222 1
2221 2270 1
2222 2171 1
2222 2173 1
2222 2221 1
2222 2223 1
2222 2273 1
2223 2173 1
2223 2174 1
2223 2222 1
2223 2273 1
2223 2274 1
2225 2174 1
2225 2175 1
2225 2226 1
2225 2274 1
2225 2275 1
2226 2175 1
2226 2177 1
2226 2225 1
2226 2227 1
2226 2275 1
2226 2277 1
2227 2177 1
2227 2226 1
2227 2277 1
2227 2278 1
2230 2179 1
2230 2180 1
2230 2279 1
2230 2280 1
2230 2281 1
2232 2182 1
2232 2183 1
2232 2281 1
2232 2282 1
2232 2283 1
2234 2183 1
2234 2184 1
2234 2235 1
2234 2283 1
2234 2284 1
2234 2285 1
2235 2184 1
2235 2234 1
2235 2236 1
2235 2284 1
2235 2285 1
2236 2235 1
2236 2285 1
2236 2287 1
2239 2188 1
2239 2189 1
2239 2190 1
2239 2240 1
2239 2288 1
2239 2289 1
2239 2290 1
2240 2189 1
2240 2190 1
2240 2191 1
2240 2239 1
2240 2241 1
2240 2289 1
2240 2290 1
2241 2190 1
2241 2191 1
2241 2240 1
2241 2290 1
2243 2193 1
2243 2194 1
2243 2244 1
2243 2293 1
2244 2193 1
2244 2194 1
2244 2243 1
2244 2245 1
2244 2293 1
2244 2295 1
2245 2194 1
2245 2196 1
2245 2244 1
2245 2246 1
2245 2295 1
2246 2196 1
2246 2245 1
2246 2247 1
2246 2295 1
2247 2196 1
2247 2198 1
2247 2246 1
2247 2248 1
2248 2198 1
2248 2247 1
2248 2249 1
2248 2299 1
2249 2198 1
2249 2248 1
2249 2299 1
2250 2200 1
2250 2201 1
2250 2300 1
2250 2301 1
2254 2205 1
2254 2255 1
2254 2303 1
2254 2304 1
2254 2305 1
2255 2205 1
2255 2206 1
2255 2254 1
2255 2256 1
2255 2304 1
2255 2305 1
2256 2205 1
2256 2206 1
2256 2207 1
2256 2255 1
2256 2257 1
2256 2305 1
2257 2206 1
2257 2207 1
2257 2208 1
2257 2256 1
2257 2258 1
2257 2308 1
2258 2207 1
2258 2208 1
2258 2209 1
2258 2257 1
2258 2259 1
2258 2308 1
2258 2309 1
2259 2208 1
2259 2209 1
2259 2210 1
2259 2258 1
2259 2260 1
2259 2308 1
2259 2309 1
2259 2310 1
2260 2209 1
2260 2210 1
2260 2211 1
2260 2259 1
2260 2309 1
2260 2310 1
2264 2213 1
2264 2214 1
2264 2265 1
2264 2313 1
2264 2315 1
2265 2214 1
2265 2216 1
2265 2264 1
2265 2266 1
2265 2315 1
2265 2316 1
2266 2216 1
2266 2265 1
2266 2267 1
2266 2315 1
2266 2316 1
2266 2317 1
2267 2216 1
2267 2266 1
2267 2316 1
2267 2317 1
2267 2318 1
2270 2219 1
2270 2220 1
2270 2221 1
2270 2319 1
2270 2320 1
2270 2321 1
2273 2222 1
2273 2223 1
2273 2274 1
2273 2324 1
2274 2223 1
2274 2225 1
2274 2273 1
2274 2275 1
2274 2324 1
2274 2325 1
2275 2225 1
2275 2226 1
2275 2274 1
2275 2324 1
2275 2325 1
2275 2326 1
2277 2226 1
2277 2227 1
2277 2278 1
2277 2326 1
2278 2227 1
2278 2277 1
2278 2279 1
2279 2230 1
2279 2278 1
2279 2280 1
2279 2330 1
2280 2230 1
2280 2279 1
2280 2281 1
2280 2330 1
2280 2331 1
2281 2230 1
2281 2232 1
2281 2280 1
2281 2282 1
2281 2330 1
2281 2331 1
2281 2332 1
2282 2232 1
2282 2281 1
2282 2283 1
2282 2331 1
2282 2332 1
2282 2333 1
2283 2232 1
2283 2234 1
2283 2282 1
2283 2284 1
2283 2332 1
2283 2333 1
2284 2234 1
2284 2235 1
2284 2283 1
2284 2285 1
2284 2333 1
2284 2335 1
2285 2234 1
2285 2235 1
2285 2236 1
2285 2284 1
2285 2335 1
2285 2336 1
2287 2236 1
2287 2288 1
2287 2336 1
2287 2337 1
2288 2239 1
2288 2287 1
2288 2289 1
2288 2337 1
2289 2239 1
2289 2240 1
2289 2288 1
2289 2290 1
2290 2239 1
2290 2240 1
2290 2241 1
2290 2289 1
2290 2341 1
2293 2243 1
2293 2244 1
2293 2342 1
2293 2343 1
2293 2344 1
2295 2244 1
2295 2245 1
2295 2246 1
2295 2344 1
2295 2345 1
2295 2346 1
2299 2248 1
2299 2249 1
2299 2348 1
2299 2349 1
2300 2250 1
2300 2301 1
2300 2350 1
2300 2351 1
2301 2250 1
2301 2300 1
2301 2302 1
2301 2350 1
2301 2351 1
2302 2301 1
2302 2303 1
2302 2351 1
2302 2353 1
2303 2254 1
2303 2302 1
2303 2304 1
2303 2353 1
2303 2354 1
2304 2254 1
2304 2255 1
2304 2303 1
2304 2305 1
2304 2353 1
2304 2354 1
2305 2254 1
2305 2255 1
2305 2256 1
2305 2304 1
2305 2354 1
2305 2356 1
2308 2257 1
2308 2258 1
2308 2259 1
2308 2309 1
2308 2357 1
2308 2358 1
2308 2359 1
2309 2258 1
2309 2259 1
2309 2260 1
2309 2308 1
2309 2310 1
2309 2358 1
2309 2359 1
2309 2360 1
2310 2259 1
2310 2260 1
2310 2309 1
2310 2359 1
2310 2360 1
2312 2313 1
2313 2264 1
2313 2312 1
2315 2264 1
2315 2265 1
2315 2266 1
2315 2316 1
2315 2365 1
2315 2366 1
2316 2265 1
2316 2266 1
2316 2267 1
2316 2315 1
2316 2317 1
2316 2365 1
2316 2366 1
2317 2266 1
2317 2267 1
2317 2316 1
2317 2318 1
2317 2366 1
2317 2368 1
2318 2267 1
2318 2317 1
2318 2319 1
2318 2368 1
2319 2270 1
2319 2318 1
2319 2320 1
2319 2368 1
2320 2270 1
2320 2319 1
2320 2321 1
2320 2371 1
2321 2270 1
2321 2320 1
2321 2371 1
2324 2273 1
2324 2274 1
2324 2275 1
2324 2325 1
2324 2373 1
2324 2374 1
2325 2274 1
2325 2275 1
2325 2324 1
2325 2326 1
2325 2374 1
2326 2275 1
2326 2277 1
2326 2325 1
2326 2377 1
2330 2279 1
2330 2280 1
2330 2281 1
2330 2331 1
2330 2380 1
2330 2381 1
2331 2280 1
2331 2281 1
2331 2282 1
2331 2330 1
2331 2332 1
2331 2380 1
2331 2381 1
2332 2281 1
2332 2282 1
2332 2283 1
2332 2331 1
2332 2333 1
2332 2381 1
2332 2383 1
2333 2282 1
2333 2283 1
2333 2284 1
2333 2332 1
2333 2383 1
2333 2384 1
2335 2284 1
2335 2285 1
2335 2336 1
2335 2384 1
2335 2385 1
2335 2386 1
2336 2285 1
2336 2287 1
2336 2335 1
2336 2337 1
2336 2385 1
2336 2386 1
2336 2387 1
2337 2287 1
2337 2288 1
2337 2336 1
2337 2386 1
2337 2387 1
2337 2388 1
2341 2290 1
2341 2342 1
2341 2391 1
2341 2392 1
2342 2293 1
2342 2341 1
2342 2343 1
2342 2391 1
2342 2392 1
2342 2393 1
2343 2293 1
2343 2342 1
2343 2344 1
2343 2392 1
2343 2393 1
2343 2394 1
2344 2293 1
2344 2295 1
2344 2343 1
2344 2345 1
2344 2393 1
2344 2394 1
2344 2395 1
2345 2295 1
2345 2344 1
2345 2346 1
2345 2394 1
2345 2395 1
2345 2396 1
2346 2295 1
2346 2345 1
2346 2395 1
2346 2396 1
2346 2397 1
2348 2299 1
2348 2349 1
2348 2397 1
2348 2398 1
2348 2399 1
2349 2299 1
2349 2348 1
2349 2398 1
2349 2399 1
2350 2300 1
2350 2301 1
2350 2351 1
2350 2400 1
2351 2300 1
2351 2301 1
2351 2302 1
2351 2350 1
2351 2400 1
2353 2302 1
2353 2303 1
2353 2304 1
2353 2354 1
2353 2403 1
2354 2303 1
2354 2304 1
2354 2305 1
2354 2353 1
2354 2403 1
2356 2305 1
2356 2357 1
2356 2407 1
2357 2308 1
2357 2356 1
2357 2358 1
2357 2407 1
2357 2408 1
2358 2308 1
2358 2309 1
2358 2357 1
2358 2359 1
2358 2407 1
2358 2408 1
2358 2409 1
2359 2308 1
2359 2309 1
2359 2310 1
2359 2358 1
2359 2360 1
2359 2408 1
2359 2409 1
2359 2410 1
2360 2309 1
2360 2310 1
2360 2359 1
2360 2409 1
2360 2410 1
2365 2315 1
2365 2316 1
2365 2366 1
2365 2414 1
2365 2415 1
2365 2416 1
2366 2315 1
2366 2316 1
2366 2317 1
2366 2365 1
2366 2415 1
2366 2416 1
2368 2317 1
2368 2318 1
2368 2319 1
2368 2418 1
2368 2419 1
2371 2320 1
2371 2321 1
2371 2420 1
2371 2421 1
2371 2422 1
2373 2324 1
2373 2374 1
2373 2422 1
2373 2423 1
2374 2324 1
2374 2325 1
2374 2373 1
2374 2423 1
2377 2326 1
2377 2378 1
2377 2426 1
2377 2427 1
2377 2428 1
2378 2377 1
2378 2427 1
2378 2428 1
2380 2330 1
2380 2331 1
2380 2381 1
2380 2431 1
2381 2330 1
2381 2331 1
2381 2332 1
2381 2380 1
2381 2431 1
2381 2432 1
2383 2332 1
2383 2333 1
2383 2384 1
2383 2432 1
2383 2433 1
2384 2333 1
2384 2335 1
2384 2383 1
2384 2385 1
2384 2433 1
2384 2435 1
2385 2335 1
2385 2336 1
2385 2384 1
2385 2386 1
2385 2435 1
2386 2335 1
2386 2336 1
2386 2337 1
2386 2385 1
2386 2387 1
2386 2435 1
2387 2336 1
2387 2337 1
2387 2386 1
2387 2388 1
2388 2337 1
2388 2387 1
2388 2389 1
2388 2439 1
2389 2388 1
2389 2439 1
2391 2341 1
2391 2342 1
2391 2392 1
2392 2341 1
2392 2342 1
2392 2343 1
2392 2391 1
2392 2393 1
2393 2342 1
2393 2343 1
2393 2344 1
2393 2392 1
2393 2394 1
2393 2444 1
2394 2343 1
2394 2344 1
2394 2345 1
2394 2393 1
2394 2395 1
2394 2444 1
2394 2445 1
2395 2344 1
2395 2345 1
2395 2346 1
2395 2394 1
2395 2396 1
2395 2444 1
2395 2445 1
2395 2446 1
2396 2345 1
2396 2346 1
2396 2395 1
2396 2397 1
2396 2445 1
2396 2446 1
2397 2346 1
2397 2348 1
2397 2396 1
2397 2398 1
2397 2446 1
2398 2348 1
2398 2349 1
2398 2397 1
2398 2399 1
2398 2449 1
2399 2348 1
2399 2349 1
2399 2398 1
2399 2449 1
2400 2350 1
2400 2351 1
2400 2450 1
2400 2451 1
2403 2353 1
2403 2354 1
2403 2452 1
2403 2453 1
2403 2454 1
2407 2356 1
2407 2357 1
2407 2358 1
2407 2408 1
2407 2458 1
2408 2357 1
2408 2358 1
2408 2359 1
2408 2407 1
2408 2409 1
2408 2458 1
2408 2459 1
2409 2358 1
2409 2359 1
2409 2360 1
2409 2408 1
2409 2410 1
2409 2458 1
2409 2459 1
2409 2460 1
2410 2359 1
2410 2360 1
2410 2409 1
2410 2459 1
2410 2460 1
2410 2461 1
2412 2413 1
2412 2461 1
2412 2463 1
2413 2412 1
2413 2414 1
2413 2463 1
2414 2365 1
2414 2413 1
2414 2415 1
2414 2463 1
2414 2465 1
2415 2365 1
2415 2366 1
2415 2414 1
2415 2416 1
2415 2465 1
2416 2365 1
2416 2366 1
2416 2415 1
2416 2465 1
2418 2368 1
2418 2419 1
2418 2468 1
2418 2469 1
2419 2368 1
2419 2418 1
2419 2420 1
2419 2468 1
2419 2469 1
2420 2371 1
2420 2419 1
2420 2421 1
2420 2469 1
2420 2471 1
2421 2371 1
2421 2420 1
2421 2422 1
2421 2471 1
2421 2472 1
2422 2371 1
2422 2373 1
2422 2421 1
2422 2423 1
2422 2471 1
2422 2472 1
2422 2473 1
2423 2373 1
2423 2374 1
2423 2422 1
2423 2472 1
2423 2473 1
2423 2474 1
2426 2377 1
2426 2427 1
2426 2475 1
2426 2477 1
2427 2377 1
2427 2378 1
2427 2426 1
2427 2428 1
2427 2477 1
2428 2377 1
2428 2378 1
2428 2427 1
2428 2477 1
2431 2380 1
2431 2381 1
2431 2432 1
2431 2480 1
2431 2481 1
2432 2381 1
2432 2383 1
2432 2431 1
2432 2433 1
2432 2481 1
2432 2483 1
2433 2383 1
2433 2384 1
2433 2432 1
2433 2483 1
2433 2484 1
2435 2384 1
2435 2385 1
2435 2386 1
2435 2484 1
2435 2485 1
2435 2486 1
2439 2388 1
2439 2389 1
2439 2488 1
2439 2489 1
2439 2490 1
2444 2393 1
2444 2394 1
2444 2395 1
2444 2445 1
2444 2493 1
2444 2494 1
2445 2394 1
2445 2395 1
2445 2396 1
2445 2444 1
2445 2446 1
2445 2494 1
2446 2395 1
2446 2396 1
2446 2397 1
2446 2445 1
2446 2497 1
2449 2398 1
2449 2399 1
2449 2498 1
2450 2400 1
2450 2451 1
2451 2400 1
2451 2450 1
2451 2452 1
2452 2403 1
2452 2451 1
2452 2453 1
2453 2403 1
2453 2452 1
2453 2454 1
2454 2403 1
2454 2453 1
2454 2455 1
2455 2454 1
2458 2407 1
2458 2408 1
2458 2409 1
2458 2459 1
2459 2408 1
2459 2409 1
2459 2410 1
2459 2458 1
2459 2460 1
2460 2409 1
2460 2410 1
2460 2459 1
2460 2461 1
2461 2410 1
2461 2412 1
2461 2460 1
2463 2412 1
2463 2413 1
2463 2414 1
2465 2414 1
2465 2415 1
2465 2416 1
2468 2418 1
2468 2419 1
2468 2469 1
2469 2418 1
2469 2419 1
2469 2420 1
2469 2468 1
2471 2420 1
2471 2421 1
2471 2422 1
2471 2472 1
2472 2421 1
2472 2422 1
2472 2423 1
2472 2471 1
2472 2473 1
2473 2422 1
2473 2423 1
2473 2472 1
2473 2474 1
2474 2423 1
2474 2473 1
2474 2475 1
2475 2426 1
2475 2474 1
2477 2426 1
2477 2427 1
2477 2428 1
2480 2431 1
2480 2481 1
2481 2431 1
2481 2432 1
2481 2480 1
2483 2432 1
2483 2433 1
2483 2484 1
2484 2433 1
2484 2435 1
2484 2483 1
2484 2485 1
2485 2435 1
2485 2484 1
2485 2486 1
2486 2435 1
2486 2485 1
2486 2487 1
2487 2486 1
2487 2488 1
2488 2439 1
2488 2487 1
2488 2489 1
2489 2439 1
2489 2488 1
2489 2490 1
2490 2439 1
2490 2489 1
2492 2493 1
2493 2444 1
2493 2492 1
2493 2494 1
2494 2444 1
2494 2445 1
2494 2493 1
2497 2446 1
2497 2498 1
2498 2449 1
2498 2497 1
