118700 5 9 12 38
73500 3 4 11 15
69600 5 7 11 30
104900 8 9 12 40
60500 4 4 11 11
63600 7 6 12 25
99200 9 10 12 40
263100 8 10 14 48
108100 6 8 12 31
125700 6 8 13 35
96400 8 7 12 28
68400 4 5 10 11
59000 5 5 16 18
81400 5 5 13 17
94800 6 9 10 34
55700 6 5 8 11
109500 4 4 11 12
122200 4 5 13 28
171500 8 10 16 48
80300 5 6 14 36
102400 6 8 11 33
129200 4 7 10 23
91500 3 3 14 10
69100 5 4 14 17
57400 5 5 13 19
65400 4 4 10 16
78600 6 9 12 36
127300 6 7 13 30
49100 4 4 10 13
48400 4 4 11 12
101000 5 6 14 31
72700 4 5 12 27
93400 3 3 11 9
98700 7 7 10 27
54800 3 4 8 10
97100 7 10 10 39
125400 8 10 12 43
96900 6 7 13 27
61800 4 3 9 10
144600 7 8 12 33
60700 4 5 10 11
87800 7 10 11 42
78400 5 6 16 34
77200 7 7 12 33
77200 5 6 13 29
72000 6 8 13 32
104200 9 11 12 47
58400 3 5 9 11
49300 5 5 9 12
67800 4 6 10 16
52400 4 4 13 14
89300 9 10 12 45
36100 4 4 6 8
155700 6 7 15 37
89700 6 8 14 40
124900 9 10 11 45
46300 3 3 7 4
29800 3 2 6 3
188800 5 6 16 34
163300 4 5 16 25
160500 9 11 12 45
39200 3 3 8 8
86400 5 5 11 21
131300 7 9 14 47
88000 8 11 10 40
61100 3 4 11 16
73800 5 6 14 27
61800 5 6 9 17
47200 3 3 11 6
105300 9 10 12 43
88300 6 6 14 32
51400 3 3 10 7
82200 8 10 12 40
41900 2 2 6 3
87800 7 8 13 39
55000 3 2 8 6
125700 6 7 13 33
109700 8 10 11 45
52400 3 2 10 7
56900 3 3 4 5
89400 6 8 12 31
66100 4 3 14 13
48700 3 3 11 6
71400 3 3 14 10
102100 7 9 12 44
61000 6 5 13 21
58300 5 5 9 12
121800 6 7 12 37
39600 4 3 11 7
67500 6 8 10 28
51100 5 5 8 15
102900 9 11 11 43
29500 2 1 5 2
34400 3 2 8 4
85200 6 6 12 29
29300 2 3 4 2
111100 7 11 12 48
42000 3 2 4 3
86700 8 9 12 41
44700 3 3 9 9
