5000 64 144 176
4000 63 149 94
5000 55 146 335
4000 3 7 2
4000 8 17 17
4000 49 108 140
24000 62 167 7479
4000 59 155 159
20000 47 146 7479
4000 20 51 48
29000 88 351 7479
4000 48 118 105
4000 31 67 81
4000 12 29 17
5000 78 200 315
5000 75 218 651
5000 78 200 315
6000 75 218 651
4000 37 92 51
4000 23 54 106
4000 73 188 112
4000 71 172 141
4000 73 188 112
4000 71 172 141
4000 33 84 123
5000 56 148 239
4000 33 84 123
5000 56 148 239
4000 100 225 176
5000 59 116 219
4000 100 225 176
4000 59 116 219
4000 14 43 20
5000 69 137 388
4000 14 43 20
5000 69 137 388
5000 31 59 57
4000 52 128 123
21000 79 236 7479
4000 36 90 62
21000 79 236 7479
4000 36 90 62
20000 79 170 7479
4000 39 76 152
4000 44 97 95
4000 46 108 177
4000 44 97 95
4000 46 108 177
4000 55 124 92
4000 37 87 123
5000 51 160 266
4000 46 114 100
5000 51 160 266
4000 46 114 100
5000 63 148 275
4000 16 38 35
5000 79 169 374
4000 9 25 18
5000 39 99 100
6000 84 226 416
5000 76 165 299
5000 95 349 509
5000 61 132 332
4000 70 173 121
20000 76 184 7479
5000 69 173 202
4000 49 118 65
4000 72 187 170
4000 44 106 83
5000 94 226 368
5000 57 166 301
4000 60 130 195
21000 60 143 7479
5000 44 131 271
4000 57 130 108
5000 57 152 220
4000 57 130 108
5000 57 152 220
4000 29 67 138
4000 65 166 98
4000 17 44 26
6000 77 201 650
4000 49 118 73
4000 9 20 18
21000 81 230 7479
4000 42 84 110
5000 85 233 522
26000 84 274 7479
5000 39 82 103
5000 70 159 227
4000 60 127 145
23000 74 230 7479
4000 37 80 54
4000 56 118 129
4000 37 80 54
4000 56 118 129
6000 73 190 114
5000 74 173 128
5000 30 73 58
5000 44 100 168
