135600 6 9 8 5
35300 3 4 5 2
49300 4 7 6 3
51900 8 9 14 7
45200 4 4 7 3
43400 7 8 10 6
102700 9 12 14 8
56600 9 11 14 8
58800 8 11 13 7
90500 8 12 13 7
85900 9 9 11 8
35500 4 5 5 3
38000 5 5 8 4
36400 5 5 6 4
49100 6 9 8 5
52300 5 7 9 4
74000 4 4 6 3
36400 4 5 7 3
47000 8 10 13 7
38300 5 6 8 4
42400 6 8 12 5
65900 4 7 4 3
73600 3 3 6 2
53600 6 6 10 5
40200 5 5 9 4
46200 4 4 6 3
40900 7 9 8 6
39600 7 8 6 6
35300 4 5 7 3
35900 4 4 6 3
51900 6 7 9 5
37400 4 5 8 3
34600 3 3 5 2
101200 7 7 11 6
46000 3 4 5 2
60500 7 10 13 6
77600 10 12 14 10
93400 6 7 9 5
50900 5 6 9 4
78300 8 10 14 7
59600 4 5 5 3
48200 9 12 12 8
40400 5 6 9 4
47200 7 7 13 6
39200 5 6 8 4
74700 6 8 9 5
47900 8 11 14 7
44000 3 5 5 2
37900 4 6 5 3
38000 4 6 9 3
34800 4 4 6 3
81900 8 10 11 7
50200 4 4 6 3
40800 6 7 10 5
44400 7 9 11 6
71000 9 10 16 8
32800 3 3 5 2
46900 3 2 4 2
41200 5 6 9 4
45600 4 5 8 3
68500 10 12 14 10
32300 3 3 5 2
38600 5 5 10 4
46700 7 9 14 6
50200 8 12 14 7
39000 3 4 6 2
40700 6 9 7 5
43400 5 6 7 4
39500 3 3 6 2
57700 9 10 15 8
55700 6 6 11 5
53900 3 3 5 2
48300 9 12 15 8
43400 2 2 4 1
46800 8 9 12 7
53800 3 2 6 2
48800 6 8 9 5
90000 10 12 13 10
36700 3 2 6 2
39700 3 3 4 2
53700 7 10 11 6
50600 4 3 9 3
40800 3 3 6 2
41000 3 3 6 2
60000 7 9 13 6
41800 7 7 10 6
33200 4 6 5 3
55200 6 7 12 5
35100 4 3 8 3
42500 6 8 11 5
39100 6 8 8 5
50900 11 17 13 10
29100 2 1 3 1
32300 3 2 5 2
43400 6 6 12 5
28600 2 3 2 1
69100 10 14 15 9
46500 3 2 4 2
43100 7 9 8 6
37500 3 3 6 2
