13000 63 139 4152
16000 62 165 5829
15000 55 172 5195
4000 3 10 4
5000 8 49 113
12000 49 129 3610
21000 62 266 7479
15000 57 168 5166
21000 47 161 7479
5000 20 76 629
19000 88 179 7479
10000 47 151 3009
9000 31 143 2137
5000 12 75 387
17000 78 147 5976
17000 75 171 6468
17000 78 147 5976
19000 75 171 6468
13000 36 228 3566
6000 23 96 975
14000 71 140 4617
19000 70 200 7189
14000 71 140 4617
19000 70 200 7189
7000 33 79 1362
13000 56 139 4286
7000 33 79 1362
12000 56 139 4286
19000 97 166 6973
11000 58 112 3095
19000 97 166 6973
12000 58 112 3095
5000 14 87 452
13000 69 149 4742
5000 14 87 452
14000 69 149 4742
7000 31 126 1697
13000 51 188 4634
21000 79 194 7479
8000 36 132 1844
21000 79 194 7479
8000 36 132 1844
19000 79 179 7479
8000 39 100 2025
9000 41 120 2350
15000 46 217 4959
9000 41 120 2350
16000 46 217 4959
13000 55 133 3906
9000 37 153 2684
11000 51 127 3301
10000 43 164 3116
13000 51 127 3301
11000 43 164 3116
15000 62 144 4986
6000 16 112 679
15000 79 155 5520
4000 9 39 141
12000 39 184 3727
22000 84 165 7410
18000 76 173 6541
20000 95 165 6982
17000 61 229 6082
14000 68 144 5024
19000 76 187 7479
19000 68 215 7148
11000 49 139 3227
18000 68 179 6655
9000 43 136 2676
18000 94 147 7179
17000 57 224 6340
19000 60 265 7141
20000 60 169 7479
15000 44 206 4627
15000 57 199 5530
14000 56 179 4845
16000 57 199 5530
15000 56 179 4845
7000 29 98 1080
16000 64 157 5611
6000 17 111 677
15000 77 157 5274
12000 49 135 3505
4000 9 37 144
21000 81 189 7479
8000 42 116 2347
18000 85 152 6825
19000 84 192 7479
14000 39 240 4086
20000 70 187 6977
12000 60 124 3575
20000 74 211 7479
13000 37 239 3767
14000 56 146 4949
13000 37 239 3767
14000 56 146 4949
14000 71 150 4843
17000 73 153 5673
10000 30 202 2355
10000 44 133 2952
